family,model,dim,cfg,kernel,split,svc_c,fit_seconds,accuracy,balanced_accuracy,f1_macro,f1_pos,roc_auc,pr_auc,log_loss,brier,ece,mean_predictive_entropy
classical_ext_plain,svc,4,linear__svc__d4,linear,id_test,1.0,0.013434171676635742,0.814,0.8110545198283042,0.8113735655263894,0.8336314847942755,0.8467550771990519,0.7438031468195614,,,,
classical_ext_plain,svc,4,linear__svc__d4,linear,ood_test,1.0,0.013434171676635742,0.71,0.7150678790983607,0.6986587195697262,0.7571189279731994,0.7683945952868851,0.6517018032358592,,,,
classical_ext_plain,gpc,4,linear__gpc__d4,linear,id_test,,0.5671126842498779,0.816,0.8131206355307836,0.8134903258242916,0.8351254480286738,0.8749439425972195,0.805747217029956,0.438331515510562,0.1398293829045988,0.07268805120182995,0.3928626854617233
classical_ext_plain,gpc,4,linear__gpc__d4,linear,ood_test,,0.5671126842498779,0.714,0.718782018442623,0.7042019866042801,0.7580372250423012,0.8077452612704917,0.7083203269033382,0.5822221537661855,0.1978837085987734,0.13596588867814297,0.4271924289934818
classical_ext_plain,svc,4,rbf_gscale__svc__d4,rbf_gscale,id_test,1.0,0.01157379150390625,0.86,0.8555000320328016,0.8559338777660696,0.8801369863013698,0.9339323467230445,0.9076718920369194,,,,
classical_ext_plain,svc,4,rbf_gscale__svc__d4,rbf_gscale,ood_test,1.0,0.01157379150390625,0.734,0.7398501536885246,0.7196825035513909,0.7830342577487766,0.8311347336065575,0.7404450314649078,,,,
classical_ext_plain,gpc,4,rbf_gscale__gpc__d4,rbf_gscale,id_test,,0.8648383617401123,0.854,0.8495579473380741,0.8498628198641773,0.8747855917667239,0.9247869818694343,0.9159969112785828,0.31758522288343266,0.09877732202538593,0.07880748211378727,0.3722275489630319
classical_ext_plain,gpc,4,rbf_gscale__gpc__d4,rbf_gscale,ood_test,,0.8648383617401123,0.722,0.727843237704918,0.7070366014559648,0.7732463295269169,0.8640657018442623,0.7983638866506105,0.4749844399873768,0.16024888012809618,0.11737590688436851,0.4127129504762908
classical_ext_plain,svc,4,poly2__svc__d4,poly2,id_test,1.0,0.010997295379638672,0.856,0.8514959318341981,0.8518177028451,0.8767123287671232,0.9281023768338779,0.9090899129847214,,,,
classical_ext_plain,svc,4,poly2__svc__d4,poly2,ood_test,1.0,0.010997295379638672,0.734,0.7398501536885246,0.7196825035513909,0.7830342577487766,0.8057601178278688,0.6847645683965082,,,,
classical_ext_plain,gpc,4,poly2__gpc__d4,poly2,id_test,,0.7403912544250488,0.84,0.835992055865206,0.8362159329140462,0.8611111111111112,0.9103882375552566,0.8986848412680462,0.34010883730639674,0.10698985049374275,0.08301667894358782,0.3867930420060634
classical_ext_plain,gpc,4,poly2__gpc__d4,poly2,ood_test,,0.7403912544250488,0.714,0.7196465163934427,0.6997299669492985,0.7651888341543513,0.8683721823770493,0.830650644966892,0.4933328953225567,0.16829210036983533,0.12979801553113612,0.4237699741646235
classical_ext_plain,svc,4,poly3__svc__d4,poly3,id_test,1.0,0.010919809341430664,0.86,0.8555000320328016,0.8559338777660696,0.8801369863013698,0.9361105772310846,0.9164715311244187,,,,
classical_ext_plain,svc,4,poly3__svc__d4,poly3,ood_test,1.0,0.010919809341430664,0.73,0.7357517930327868,0.7160035173490296,0.779050736497545,0.816470286885246,0.7121049728970955,,,,
classical_ext_plain,gpc,4,poly3__gpc__d4,poly3,id_test,,0.8997302055358887,0.85,0.845681978345826,0.8459573034723278,0.8709122203098106,0.9237939650201806,0.9150075500780362,0.3228556846566162,0.10075781743151101,0.0860918479545178,0.3714705678872277
classical_ext_plain,gpc,4,poly3__gpc__d4,poly3,ood_test,,0.8997302055358887,0.718,0.7237448770491803,0.7033814514534309,0.7692307692307693,0.8753522028688524,0.8297688416784745,0.4838719491992526,0.1641338251602759,0.11512632342794779,0.40949493275941473
classical_ext_plain,svc,4,laplacian_med__svc__d4,laplacian_med,id_test,1.0,0.01408529281616211,0.868,0.863764494842719,0.8645320197044335,0.8862068965517241,0.9468095329617529,0.9270491452338728,,,,
classical_ext_plain,svc,4,laplacian_med__svc__d4,laplacian_med,ood_test,1.0,0.01408529281616211,0.726,0.7319415983606558,0.7106958082567838,0.7772357723577236,0.8843493852459016,0.842929753363775,,,,
classical_ext_plain,gpc,4,laplacian_med__gpc__d4,laplacian_med,id_test,,0.8681926727294922,0.85,0.845681978345826,0.8459573034723278,0.8709122203098106,0.9295598693061695,0.9220387434749888,0.3208454927597267,0.09867692552158264,0.05590218757439759,0.3896577756242499
classical_ext_plain,gpc,4,laplacian_med__gpc__d4,laplacian_med,ood_test,,0.8681926727294922,0.718,0.7237448770491803,0.7033814514534309,0.7692307692307693,0.8706294825819672,0.8356333649379302,0.4702805143882564,0.158205684063757,0.11479023989000331,0.4231228832710867
classical_ext_plain,svc,4,matern15_med__svc__d4,matern15_med,id_test,1.0,0.008000373840332031,0.858,0.8534339163303222,0.8537740706415405,0.8786324786324786,0.9347491831635595,0.9087342529087,,,,
classical_ext_plain,svc,4,matern15_med__svc__d4,matern15_med,ood_test,1.0,0.008000373840332031,0.726,0.7319415983606558,0.7106958082567838,0.7772357723577236,0.8153496413934426,0.730536839713122,,,,
classical_ext_plain,gpc,4,matern15_med__gpc__d4,matern15_med,id_test,,0.7748515605926514,0.85,0.845681978345826,0.8459573034723278,0.8709122203098106,0.918924979178679,0.9108047781387056,0.3347009832795891,0.10396701891687822,0.08102288218286376,0.40024597944518264
classical_ext_plain,gpc,4,matern15_med__gpc__d4,matern15_med,ood_test,,0.7748515605926514,0.716,0.7216956967213115,0.7015552753257671,0.7672131147540984,0.8623046875,0.8049185228898251,0.48395005979162475,0.1642174727103034,0.12412557600399597,0.4341826805160871
classical_ext_plain,svc,4,matern25_med__svc__d4,matern25_med,id_test,1.0,0.010086297988891602,0.858,0.8534339163303222,0.8537740706415405,0.8786324786324786,0.9232974565955538,0.8901037848989843,,,,
classical_ext_plain,svc,4,matern25_med__svc__d4,matern25_med,ood_test,1.0,0.010086297988891602,0.726,0.7319415983606558,0.7106958082567838,0.7772357723577236,0.7879098360655737,0.6842935636178321,,,,
classical_ext_plain,gpc,4,matern25_med__gpc__d4,matern25_med,id_test,,0.7274672985076904,0.842,0.83793004036133,0.838161846347989,0.8630849220103987,0.909395220706003,0.9021808144186736,0.34590318920186847,0.10795884776149207,0.08727189716075005,0.4099639391242026
classical_ext_plain,gpc,4,matern25_med__gpc__d4,matern25_med,ood_test,,0.7274672985076904,0.714,0.7196465163934427,0.6997299669492985,0.7651888341543513,0.8580142161885246,0.8034113418289681,0.49105889243642536,0.1670451842741483,0.12721935525085648,0.44315290535750435
classical_ext_plain,svc,6,linear__svc__d6,linear,id_test,1.0,0.011723041534423828,0.808,0.8054968287526427,0.8059006211180124,0.8260869565217391,0.8663111025690307,0.8358857559413034,,,,
classical_ext_plain,svc,6,linear__svc__d6,linear,ood_test,1.0,0.011723041534423828,0.708,0.7121542008196722,0.7007166401548074,0.7474048442906575,0.7992603739754098,0.7381042316884681,,,,
classical_ext_plain,gpc,6,linear__gpc__d6,linear,id_test,,0.7130086421966553,0.816,0.8131206355307836,0.8134903258242916,0.8351254480286738,0.8800371580498431,0.8784018706636081,0.42371928908749373,0.137289660049673,0.06902746673802124,0.4060170363310007
classical_ext_plain,gpc,6,linear__gpc__d6,linear,ood_test,,0.7130086421966553,0.72,0.7245453381147541,0.7114639494814595,0.7610921501706485,0.825499487704918,0.7740121965248946,0.5533316502771648,0.1900883159012266,0.1202834313170531,0.45523574793433147
classical_ext_plain,svc,6,rbf_gscale__svc__d6,rbf_gscale,id_test,1.0,0.011002063751220703,0.86,0.8555000320328016,0.8559338777660696,0.8801369863013698,0.9537286181049395,0.954406640206764,,,,
classical_ext_plain,svc,6,rbf_gscale__svc__d6,rbf_gscale,ood_test,1.0,0.011002063751220703,0.728,0.7335105020491803,0.715199946390578,0.7755775577557755,0.8928983094262295,0.8603837116812365,,,,
classical_ext_plain,gpc,6,rbf_gscale__gpc__d6,rbf_gscale,id_test,,0.7136967182159424,0.85,0.845681978345826,0.8459573034723278,0.8709122203098106,0.9291434428855148,0.9260622051332605,0.3227757874587771,0.1000221467030702,0.05560243212261639,0.390405952762739
classical_ext_plain,gpc,6,rbf_gscale__gpc__d6,rbf_gscale,ood_test,,0.7136967182159424,0.72,0.7256980020491803,0.7057587221521648,0.7704918032786885,0.8527151639344263,0.7590982380557426,0.4755410414099435,0.1594749869127903,0.13588992151671084,0.4226143488574561
classical_ext_plain,svc,6,poly2__svc__d6,poly2,id_test,1.0,0.014115571975708008,0.858,0.8534339163303222,0.8537740706415405,0.8786324786324786,0.9223685053494779,0.8992539196296914,,,,
classical_ext_plain,svc,6,poly2__svc__d6,poly2,ood_test,1.0,0.014115571975708008,0.724,0.7298924180327868,0.7088656731531957,0.7752442996742671,0.8235623719262296,0.7156199104635661,,,,
classical_ext_plain,gpc,6,poly2__gpc__d6,poly2,id_test,,0.6483108997344971,0.834,0.8301781023768339,0.8303844754793172,0.8551483420593369,0.9109648279838555,0.9056461821633424,0.3423428115142317,0.1076627775324337,0.09240046740948114,0.39957269717163113
classical_ext_plain,gpc,6,poly2__gpc__d6,poly2,ood_test,,0.6483108997344971,0.712,0.7175973360655737,0.6979054779806659,0.7631578947368421,0.8492251536885246,0.7774672127302636,0.4934091124168813,0.16806834073711144,0.13597067793157763,0.4263928046950964
classical_ext_plain,svc,6,poly3__svc__d6,poly3,id_test,1.0,0.0069980621337890625,0.86,0.8555000320328016,0.8559338777660696,0.8801369863013698,0.9509417643667115,0.9518350901325725,,,,
classical_ext_plain,svc,6,poly3__svc__d6,poly3,ood_test,1.0,0.0069980621337890625,0.732,0.7377049180327868,0.7183690626313577,0.780327868852459,0.887327100409836,0.8280323199544357,,,,
classical_ext_plain,gpc,6,poly3__gpc__d6,poly3,id_test,,0.6283612251281738,0.848,0.843743993849702,0.8440065681444991,0.8689655172413793,0.9243705554487796,0.9186068224086184,0.3228408696642507,0.10045809472204689,0.06298369221789282,0.3848353133147954
classical_ext_plain,gpc,6,poly3__gpc__d6,poly3,ood_test,,0.6283612251281738,0.714,0.7196465163934427,0.6997299669492985,0.7651888341543513,0.8530673668032787,0.7654981703098951,0.479385127427326,0.16179301658793893,0.13111953893018857,0.41634095524874215
classical_ext_plain,svc,6,laplacian_med__svc__d6,laplacian_med,id_test,1.0,0.010628461837768555,0.868,0.8640207572554295,0.8648781446540881,0.8854166666666666,0.9574764558908322,0.9538829724931828,,,,
classical_ext_plain,svc,6,laplacian_med__svc__d6,laplacian_med,ood_test,1.0,0.010628461837768555,0.738,0.7435642930327868,0.7254255903349808,0.7841845140032949,0.8930423924180328,0.8367370526561982,,,,
classical_ext_plain,gpc,6,laplacian_med__gpc__d6,laplacian_med,id_test,,0.6726434230804443,0.856,0.8520084566596194,0.8525943396226415,0.875,0.936975462873983,0.9327403004235783,0.32122954872006576,0.09707441123704527,0.06040408401078225,0.4109468590314809
classical_ext_plain,gpc,6,laplacian_med__gpc__d6,laplacian_med,ood_test,,0.6726434230804443,0.722,0.7275550717213115,0.7086576874546743,0.771004942339374,0.8878874231557377,0.8631380090532162,0.4573331363180648,0.15185091910593995,0.12002133408761612,0.4388550211015037
classical_ext_plain,svc,6,matern15_med__svc__d6,matern15_med,id_test,1.0,0.010092973709106445,0.858,0.8534339163303222,0.8537740706415405,0.8786324786324786,0.9477064514062399,0.9453827210858134,,,,
classical_ext_plain,svc,6,matern15_med__svc__d6,matern15_med,ood_test,1.0,0.010092973709106445,0.722,0.727843237704918,0.7070366014559648,0.7732463295269169,0.8785380379098361,0.8170934236645466,,,,
classical_ext_plain,gpc,6,matern15_med__gpc__d6,matern15_med,id_test,,0.6666643619537354,0.842,0.83793004036133,0.838161846347989,0.8630849220103987,0.9206867832660643,0.9175082403567165,0.33701846858706297,0.10408857712582298,0.06928301644518256,0.41474577040759186
classical_ext_plain,gpc,6,matern15_med__gpc__d6,matern15_med,ood_test,,0.6666643619537354,0.712,0.7175973360655737,0.6979054779806659,0.7631578947368421,0.8475121670081968,0.7611628056091873,0.481187690799399,0.16217015706923665,0.15057647674393398,0.44105115903804154
classical_ext_plain,svc,6,matern25_med__svc__d6,matern25_med,id_test,1.0,0.00900125503540039,0.858,0.8534339163303222,0.8537740706415405,0.8786324786324786,0.9328111986674354,0.9229756857610282,,,,
classical_ext_plain,svc,6,matern25_med__svc__d6,matern25_med,ood_test,1.0,0.00900125503540039,0.722,0.727843237704918,0.7070366014559648,0.7732463295269169,0.8510662141393442,0.7837725787094247,,,,
classical_ext_plain,gpc,6,matern25_med__gpc__d6,matern25_med,id_test,,0.631108283996582,0.836,0.8321160868729579,0.8323272971160295,0.8571428571428571,0.9118457300275482,0.9092668423727088,0.34930235091085193,0.10867692712709935,0.10155193227881987,0.42254498056464473
classical_ext_plain,gpc,6,matern25_med__gpc__d6,matern25_med,ood_test,,0.631108283996582,0.712,0.7175973360655737,0.6979054779806659,0.7631578947368421,0.8350890112704918,0.7450288524067518,0.4922285818969165,0.1666338940126281,0.1533178561672341,0.4458755831361581
classical_ext_plain,svc,8,linear__svc__d8,linear,id_test,1.0,0.009001493453979492,0.814,0.8110545198283042,0.8113735655263894,0.8336314847942755,0.8839291434428855,0.8644397632931464,,,,
classical_ext_plain,svc,8,linear__svc__d8,linear,ood_test,1.0,0.009001493453979492,0.704,0.7086321721311475,0.6945380093785087,0.7482993197278912,0.8131083504098361,0.7831795611614754,,,,
classical_ext_plain,gpc,8,linear__gpc__d8,linear,id_test,,0.6896514892578125,0.816,0.8131206355307836,0.8134903258242916,0.8351254480286738,0.8971426740982766,0.8937318947897543,0.40544892644369623,0.1308701116272387,0.07867447873080956,0.39753317875966204
classical_ext_plain,gpc,8,linear__gpc__d8,linear,ood_test,,0.6896514892578125,0.718,0.7225922131147541,0.709195606172478,0.7597955706984668,0.8399878329918031,0.8051302115015263,0.5581123774328208,0.1927079258259172,0.14320927872604683,0.4405338740620557
classical_ext_plain,svc,8,rbf_gscale__svc__d8,rbf_gscale,id_test,1.0,0.010335683822631836,0.86,0.8556281632391569,0.8561304855390586,0.8797250859106529,0.9405150874495484,0.9355233787829762,,,,
classical_ext_plain,svc,8,rbf_gscale__svc__d8,rbf_gscale,ood_test,1.0,0.010335683822631836,0.722,0.7272669057377049,0.7101739373391882,0.7687188019966722,0.8250032018442623,0.7378836551775754,,,,
classical_ext_plain,gpc,8,rbf_gscale__gpc__d8,rbf_gscale,id_test,,0.6996893882751465,0.844,0.8401242872701646,0.840506453354272,0.8641114982578397,0.9246108014606957,0.9186913648706261,0.33310314888399567,0.10187526654655822,0.05958214536144307,0.41251334301494924
classical_ext_plain,gpc,8,rbf_gscale__gpc__d8,rbf_gscale,ood_test,,0.6996893882751465,0.724,0.7294121413934427,0.7115191651615493,0.7715231788079471,0.8361136014344261,0.7437429106250099,0.4906594712586178,0.16461183693666567,0.11896733347734403,0.4415506277169426
classical_ext_plain,svc,8,poly2__svc__d8,poly2,id_test,1.0,0.013187646865844727,0.86,0.8553719008264462,0.8557319747407297,0.8805460750853242,0.9034531360112755,0.865840338139785,,,,
classical_ext_plain,svc,8,poly2__svc__d8,poly2,ood_test,1.0,0.013187646865844727,0.716,0.7216956967213115,0.7015552753257671,0.7672131147540984,0.7748303022540983,0.6622409414853233,,,,
classical_ext_plain,gpc,8,poly2__gpc__d8,poly2,id_test,,0.7386410236358643,0.83,0.8264302645909412,0.8266996684866599,0.8506151142355008,0.9151771413927862,0.908569636868536,0.3474427964021053,0.10826142112800406,0.0869910321208813,0.4134309900367252
classical_ext_plain,gpc,8,poly2__gpc__d8,poly2,ood_test,,0.7386410236358643,0.706,0.7110655737704918,0.6945022881155156,0.7537688442211056,0.8370901639344263,0.7590149244449138,0.5055003486149395,0.17221376799003707,0.14491910673183916,0.43807931005372797
classical_ext_plain,svc,8,poly3__svc__d8,poly3,id_test,1.0,0.008814334869384766,0.862,0.8574380165289256,0.8578931109051591,0.882051282051282,0.9321865590364533,0.9189145617973573,,,,
classical_ext_plain,svc,8,poly3__svc__d8,poly3,ood_test,1.0,0.008814334869384766,0.72,0.7257940573770492,0.7052085438986591,0.7712418300653595,0.8242027407786886,0.7296426590968331,,,,
classical_ext_plain,gpc,8,poly3__gpc__d8,poly3,id_test,,0.681999683380127,0.838,0.8343103337817925,0.8346662094472952,0.8581436077057794,0.9228329809725159,0.9158898487464838,0.3298752968283349,0.10148850924435351,0.06133768873153571,0.40182012185776744
classical_ext_plain,gpc,8,poly3__gpc__d8,poly3,ood_test,,0.681999683380127,0.72,0.7253137807377049,0.7078415332476335,0.7674418604651163,0.8368980532786886,0.7515484022948737,0.49154222314301715,0.1658866977975416,0.12524348277540082,0.42980588310046525
classical_ext_plain,svc,8,laplacian_med__svc__d8,laplacian_med,id_test,1.0,0.007997512817382812,0.872,0.8680248574540329,0.8689727463312369,0.8888888888888888,0.9559228650137741,0.9511758876399357,,,,
classical_ext_plain,svc,8,laplacian_med__svc__d8,laplacian_med,ood_test,1.0,0.007997512817382812,0.74,0.7451331967213115,0.7296128055375297,0.782608695652174,0.8779456967213115,0.8049274986494029,,,,
classical_ext_plain,gpc,8,laplacian_med__gpc__d8,laplacian_med,id_test,,0.5671274662017822,0.852,0.8482606188737267,0.8488660871838443,0.8706293706293706,0.934765199564354,0.930278377859286,0.3296889471462034,0.09860653318871802,0.06782997718147446,0.42836571432967696
classical_ext_plain,gpc,8,laplacian_med__gpc__d8,laplacian_med,ood_test,,0.5671274662017822,0.726,0.7311731557377049,0.7148197952531026,0.7712854757929883,0.8788422131147541,0.8617473694987515,0.46701848493313786,0.15537076656313553,0.11080242702185272,0.45269179195254505
classical_ext_plain,svc,8,matern15_med__svc__d8,matern15_med,id_test,1.0,0.010997772216796875,0.856,0.8514959318341981,0.8518177028451,0.8767123287671232,0.933804215516689,0.9210239955905146,,,,
classical_ext_plain,svc,8,matern15_med__svc__d8,matern15_med,ood_test,1.0,0.010997772216796875,0.714,0.7196465163934427,0.6997299669492985,0.7651888341543513,0.8101306352459017,0.7070257717601236,,,,
classical_ext_plain,gpc,8,matern15_med__gpc__d8,matern15_med,id_test,,0.5705313682556152,0.838,0.8343103337817925,0.8346662094472952,0.8581436077057794,0.9190531103850343,0.9139472875630065,0.3484206905049491,0.10668201073653137,0.08523389974319143,0.4365230432798327
classical_ext_plain,gpc,8,matern15_med__gpc__d8,matern15_med,ood_test,,0.5705313682556152,0.708,0.7130186987704918,0.6968237092165592,0.7550335570469798,0.8320152407786885,0.752449251467024,0.49578629450107586,0.16746148404694558,0.13704730445932317,0.4590518999629126
classical_ext_plain,svc,8,matern25_med__svc__d8,matern25_med,id_test,1.0,0.013002157211303711,0.86,0.8553719008264462,0.8557319747407297,0.8805460750853242,0.9134794029085784,0.888791094251917,,,,
classical_ext_plain,svc,8,matern25_med__svc__d8,matern25_med,ood_test,1.0,0.013002157211303711,0.716,0.7216956967213115,0.7015552753257671,0.7672131147540984,0.7705078125,0.6570794652648313,,,,
classical_ext_plain,gpc,8,matern25_med__gpc__d8,matern25_med,id_test,,0.5571572780609131,0.838,0.8345665961945032,0.8350379412735071,0.8571428571428571,0.914744698571337,0.9091967657160644,0.35791484160143805,0.11012654998593334,0.09911700984838763,0.443499951402432
classical_ext_plain,gpc,8,matern25_med__gpc__d8,matern25_med,ood_test,,0.5571572780609131,0.708,0.712922643442623,0.6973014214393525,0.7542087542087542,0.8279809170081966,0.7421553198752003,0.5035374669871993,0.1705543164509459,0.14859862568614274,0.46340863442722113
classical_ext_plain,svc,10,linear__svc__d10,linear,id_test,1.0,0.009999275207519531,0.836,0.8331411365238004,0.8337631164955643,0.8530465949820788,0.9031648407969761,0.8974825261184093,,,,
classical_ext_plain,svc,10,linear__svc__d10,linear,ood_test,1.0,0.009999275207519531,0.746,0.7506083504098361,0.7380698013042887,0.7836456558773425,0.8462474385245902,0.82419382150778,,,,
classical_ext_plain,gpc,10,linear__gpc__d10,linear,id_test,,0.7078273296356201,0.816,0.8127362419117176,0.8129351291560935,0.8368794326241135,0.9215676853097572,0.9224834228864559,0.36617898950786376,0.11789716759119219,0.09315526026378898,0.3894492436695488
classical_ext_plain,gpc,10,linear__gpc__d10,linear,ood_test,,0.7078273296356201,0.726,0.7310771004098361,0.715284445386569,0.7705192629815746,0.8766169313524592,0.8832367325264161,0.5140385458633027,0.1778086104035406,0.1421011048705006,0.4302725408379217
classical_ext_plain,svc,10,rbf_gscale__svc__d10,rbf_gscale,id_test,1.0,0.008097171783447266,0.87,0.8672400538151066,0.8682882744142881,0.8833034111310593,0.9406912678582868,0.930662095111493,,,,
classical_ext_plain,svc,10,rbf_gscale__svc__d10,rbf_gscale,ood_test,1.0,0.008097171783447266,0.748,0.7518890881147541,0.7426638781778969,0.7797202797202797,0.8309426229508197,0.7571746599773399,,,,
classical_ext_plain,gpc,10,rbf_gscale__gpc__d10,rbf_gscale,id_test,,0.7867388725280762,0.862,0.8587193285924788,0.859627708269759,0.8778761061946903,0.9385931193542186,0.9354891446142897,0.31385580113346623,0.0948104792995767,0.06255722167774751,0.4146457627758165
classical_ext_plain,gpc,10,rbf_gscale__gpc__d10,rbf_gscale,ood_test,,0.7867388725280762,0.738,0.7428919057377049,0.7286110270933205,0.7790893760539629,0.8615362448770492,0.7718340140183698,0.45029113952139926,0.14918228051996119,0.10981290524224084,0.4429598647024923
classical_ext_plain,svc,10,poly2__svc__d10,poly2,id_test,1.0,0.009582996368408203,0.866,0.8615702479338843,0.8622028620671216,0.8850771869639794,0.9288231148696265,0.8974905366624085,,,,
classical_ext_plain,svc,10,poly2__svc__d10,poly2,ood_test,1.0,0.009582996368408203,0.736,0.7417072233606558,0.7225725094577553,0.7836065573770492,0.8056000256147541,0.7122668074151528,,,,
classical_ext_plain,gpc,10,poly2__gpc__d10,poly2,id_test,,0.7517364025115967,0.848,0.8443846498814787,0.8449612403100775,0.8666666666666667,0.9313056569927606,0.9305359121763337,0.32055309355889244,0.09834644872738553,0.08392399913222018,0.4126489594170274
classical_ext_plain,gpc,10,poly2__gpc__d10,poly2,ood_test,,0.7517364025115967,0.712,0.7167328381147541,0.7023563455973543,0.7559322033898305,0.8562371926229508,0.7863415575492971,0.4633178387677915,0.1563413829224213,0.13287488701957306,0.44057619817694915
classical_ext_plain,svc,10,poly3__svc__d10,poly3,id_test,1.0,0.009142398834228516,0.876,0.8729258760971235,0.874063601943483,0.8896797153024911,0.9443590236402076,0.9354895505072205,,,,
classical_ext_plain,svc,10,poly3__svc__d10,poly3,ood_test,1.0,0.009142398834228516,0.756,0.7606621413934427,0.7482002509741761,0.7925170068027211,0.8400198514344264,0.7727393693513515,,,,
classical_ext_plain,gpc,10,poly3__gpc__d10,poly3,id_test,,0.7476935386657715,0.864,0.8606573130886028,0.8615883147970234,0.8798586572438163,0.9388814145685183,0.9359343433393804,0.3061708993921933,0.09300886241650347,0.07393410258273772,0.39925322631709786
classical_ext_plain,gpc,10,poly3__gpc__d10,poly3,ood_test,,0.7476935386657715,0.74,0.7447489754098361,0.7312939231087227,0.7796610169491526,0.8642898309426229,0.7870012464815458,0.4483566670844833,0.14921538244253707,0.12089508681705123,0.4278966086911538
classical_ext_plain,svc,10,laplacian_med__svc__d10,laplacian_med,id_test,1.0,0.0096893310546875,0.874,0.8704753667755782,0.8715538719371715,0.8892794376098418,0.9596066371964892,0.9599066836680499,,,,
classical_ext_plain,svc,10,laplacian_med__svc__d10,laplacian_med,ood_test,1.0,0.0096893310546875,0.746,0.7507044057377049,0.7376889362563461,0.7843803056027164,0.8800108862704918,0.8082095140843486,,,,
classical_ext_plain,gpc,10,laplacian_med__gpc__d10,laplacian_med,id_test,,0.6449875831604004,0.876,0.8725414824780575,0.8736632759520084,0.8908450704225352,0.9440226792235249,0.9409154556558668,0.3137127443757267,0.09256158012266923,0.07808814251525796,0.4320687714388696
classical_ext_plain,gpc,10,laplacian_med__gpc__d10,laplacian_med,ood_test,,0.6449875831604004,0.736,0.7408427254098361,0.7267488076311606,0.777027027027027,0.8859022797131149,0.8636557243478623,0.44058014529134754,0.14498401615927595,0.11232920270325956,0.45691224354334325
classical_ext_plain,svc,10,matern15_med__svc__d10,matern15_med,id_test,1.0,0.009000062942504883,0.87,0.8664712665769748,0.8674762170780341,0.8857644991212654,0.9445992696521237,0.9331492411364225,,,,
classical_ext_plain,svc,10,matern15_med__svc__d10,matern15_med,ood_test,1.0,0.009000062942504883,0.74,0.7447489754098361,0.7312939231087227,0.7796610169491526,0.8473360655737706,0.7850240157593473,,,,
classical_ext_plain,gpc,10,matern15_med__gpc__d10,matern15_med,id_test,,0.6684973239898682,0.85,0.8465788967903133,0.847257353031025,0.8677248677248677,0.9357902492151964,0.9331069388911211,0.3246770440916378,0.09723033828259184,0.0891816767758605,0.4395900444732998
classical_ext_plain,gpc,10,matern15_med__gpc__d10,matern15_med,ood_test,,0.6684973239898682,0.726,0.7309810450819672,0.7157381471106962,0.7697478991596639,0.8584944928278688,0.7752602616241175,0.45321579864566663,0.15042509629071604,0.12763443606766972,0.4637728543608639
classical_ext_plain,svc,10,matern25_med__svc__d10,matern25_med,id_test,1.0,0.0180819034576416,0.858,0.8536901787430329,0.8541729139538037,0.8777969018932874,0.9328111986674354,0.9157707203903789,,,,
classical_ext_plain,svc,10,matern25_med__svc__d10,matern25_med,ood_test,1.0,0.0180819034576416,0.716,0.7215035860655737,0.7026352381431037,0.7656765676567657,0.8181992827868853,0.7476785049869069,,,,
classical_ext_plain,gpc,10,matern25_med__gpc__d10,matern25_med,id_test,,0.5580854415893555,0.848,0.8443846498814787,0.8449612403100775,0.8666666666666667,0.932058427830098,0.9313035566569738,0.33441136478382977,0.1007945422730378,0.09560277992313956,0.4478823224734946
classical_ext_plain,gpc,10,matern25_med__gpc__d10,matern25_med,ood_test,,0.5580854415893555,0.722,0.7269787397540983,0.7115883390393194,0.7663865546218488,0.8542200307377049,0.7751799870995987,0.46270961064279653,0.1545760410929196,0.15391830210584537,0.4710696063918281
classical_ext_plain,svc,12,linear__svc__d12,linear,id_test,1.0,0.018344879150390625,0.832,0.8283682490870652,0.828641370869033,0.8526315789473684,0.9050547760907169,0.9007799853101243,,,,
classical_ext_plain,svc,12,linear__svc__d12,linear,ood_test,1.0,0.018344879150390625,0.696,0.7012999487704918,0.6827993789545735,0.7475083056478405,0.8540759477459016,0.8536589394536992,,,,
classical_ext_plain,gpc,12,linear__gpc__d12,linear,id_test,,0.674079418182373,0.818,0.8145460952014862,0.8146722550109771,0.8395061728395061,0.92067076686527,0.9223746342252398,0.36171705054388326,0.11643079318193066,0.08784244312528171,0.38993440036724475
classical_ext_plain,gpc,12,linear__gpc__d12,linear,ood_test,,0.674079418182373,0.722,0.7270747950819672,0.7111280139323581,0.7671691792294807,0.8731589395491803,0.8812838137932906,0.5050051974717692,0.17495887414558042,0.14293885446823856,0.4263685076555224
classical_ext_plain,svc,12,rbf_gscale__svc__d12,rbf_gscale,id_test,1.0,0.012196063995361328,0.874,0.8712441540137101,0.8723409428938484,0.8868940754039497,0.9456563521045551,0.9416949607631749,,,,
classical_ext_plain,svc,12,rbf_gscale__svc__d12,rbf_gscale,ood_test,1.0,0.012196063995361328,0.752,0.7556032274590163,0.7476022211004543,0.7809187279151943,0.8563332479508197,0.8134271229454967,,,,
classical_ext_plain,gpc,12,rbf_gscale__gpc__d12,rbf_gscale,id_test,,0.5902090072631836,0.85,0.8467070279966686,0.8474214220323466,0.8672566371681416,0.9367192004612723,0.9354358179790905,0.321637914239722,0.09756060936215175,0.07282686574899985,0.4229743928954334
classical_ext_plain,gpc,12,rbf_gscale__gpc__d12,rbf_gscale,ood_test,,0.5902090072631836,0.736,0.7408427254098361,0.7267488076311606,0.777027027027027,0.8703733350409836,0.8294506782415247,0.45466912005186877,0.15129404420575707,0.11659497891079555,0.4497210142269659
classical_ext_plain,svc,12,poly2__svc__d12,poly2,id_test,1.0,0.014209985733032227,0.86,0.8553719008264462,0.8557319747407297,0.8805460750853242,0.9311775257864053,0.9133217597514154,,,,
classical_ext_plain,svc,12,poly2__svc__d12,poly2,ood_test,1.0,0.014209985733032227,0.728,0.7339907786885246,0.7125270562770563,0.7792207792207793,0.8402279713114754,0.7806895187009437,,,,
classical_ext_plain,gpc,12,poly2__gpc__d12,poly2,id_test,,0.6871414184570312,0.836,0.8322442180793133,0.8325272857983139,0.8566433566433567,0.9291434428855149,0.9300120406093567,0.32753828297476184,0.10083693741731396,0.09157398172586274,0.4201442153796281
classical_ext_plain,gpc,12,poly2__gpc__d12,poly2,ood_test,,0.6871414184570312,0.716,0.720735143442623,0.7064902852418355,0.7593220338983051,0.8689805327868851,0.8467158226007574,0.46334104553942945,0.15639595246816657,0.13474793583017672,0.44555485851907245
classical_ext_plain,svc,12,poly3__svc__d12,poly3,id_test,1.0,0.011513233184814453,0.866,0.8624671663783714,0.8633985622188967,0.8822495606326889,0.9418924979178679,0.9346830064000897,,,,
classical_ext_plain,svc,12,poly3__svc__d12,poly3,ood_test,1.0,0.011513233184814453,0.756,0.7608542520491803,0.7474496555378909,0.793918918918919,0.8582863729508197,0.8166571322268855,,,,
classical_ext_plain,gpc,12,poly3__gpc__d12,poly3,id_test,,0.8322298526763916,0.848,0.8443846498814787,0.8449612403100775,0.8666666666666667,0.9361746428342623,0.935557430246896,0.3142278913039211,0.09603851331529757,0.07416267453383985,0.40661341870517403
classical_ext_plain,gpc,12,poly3__gpc__d12,poly3,ood_test,,0.8322298526763916,0.728,0.7328381147540983,0.7184684684684685,0.7702702702702703,0.8777375768442622,0.8570681638504243,0.45226243617304773,0.15125793776836652,0.1264576870645083,0.4336290813209612
classical_ext_plain,svc,12,laplacian_med__svc__d12,laplacian_med,id_test,1.0,0.012796401977539062,0.878,0.8747357293868921,0.8759027565863087,0.8920353982300885,0.95630725863284,0.9516049005208399,,,,
classical_ext_plain,svc,12,laplacian_med__svc__d12,laplacian_med,ood_test,1.0,0.012796401977539062,0.75,0.7546106557377049,0.7421946863231187,0.787052810902896,0.8921939036885246,0.839899621912678,,,,
classical_ext_plain,gpc,12,laplacian_med__gpc__d12,laplacian_med,id_test,,0.6683428287506104,0.87,0.8663431353706195,0.8673247359762246,0.8861646234676007,0.9437664168108142,0.9411624133262779,0.3184473047103181,0.09398514679652817,0.07061170165114175,0.43933615217096567
classical_ext_plain,gpc,12,laplacian_med__gpc__d12,laplacian_med,ood_test,,0.6683428287506104,0.732,0.7369364754098361,0.7221807566635152,0.7744107744107744,0.8930904200819673,0.8927011674789707,0.43864820497247625,0.1439168415726557,0.11789918512977111,0.46254451842269945
classical_ext_plain,svc,12,matern15_med__svc__d12,matern15_med,id_test,1.0,0.017160415649414062,0.86,0.8561406880645781,0.8568647658307569,0.8780487804878049,0.9392658081875841,0.9234828183996059,,,,
classical_ext_plain,svc,12,matern15_med__svc__d12,matern15_med,ood_test,1.0,0.017160415649414062,0.722,0.7270747950819672,0.7111280139323581,0.7671691792294807,0.8407882940573771,0.7767329577183456,,,,
classical_ext_plain,gpc,12,matern15_med__gpc__d12,matern15_med,id_test,,0.748866081237793,0.846,0.8424466653853546,0.8430102879232095,0.8646748681898067,0.9347491831635595,0.9342728294308738,0.33191747589863646,0.09975372591136582,0.09279319283009721,0.44767761643594883
classical_ext_plain,gpc,12,matern15_med__gpc__d12,matern15_med,ood_test,,0.748866081237793,0.722,0.7266905737704918,0.712903638894741,0.7640067911714771,0.872374487704918,0.8419221313915258,0.45526141906603823,0.15113762925575078,0.1313856255458803,0.47024469555474474
classical_ext_plain,svc,12,matern25_med__svc__d12,matern25_med,id_test,1.0,0.011000394821166992,0.856,0.8516240630405535,0.8520199279830316,0.8762886597938144,0.9342526747389327,0.9178556435995389,,,,
classical_ext_plain,svc,12,matern25_med__svc__d12,matern25_med,ood_test,1.0,0.011000394821166992,0.714,0.7195504610655737,0.700273736014521,0.7644151565074135,0.8231621413934426,0.7588340171865269,,,,
classical_ext_plain,gpc,12,matern25_med__gpc__d12,matern25_med,id_test,,0.7201390266418457,0.836,0.8323723492856685,0.8327213382292942,0.856140350877193,0.9314658210007047,0.9317452557735608,0.3407411172381228,0.10299097859840403,0.10953854076918482,0.4552393546125104
classical_ext_plain,gpc,12,matern25_med__gpc__d12,matern25_med,ood_test,,0.7201390266418457,0.712,0.716828893442623,0.7019077901430844,0.7567567567567568,0.8636014344262295,0.8232253479868851,0.4629209642146469,0.1545030682128326,0.14222771371656565,0.4762332841555334
