family,model,dim,cfg,kernel,split,c_selected,c_cv_score,fit_seconds,accuracy,balanced_accuracy,f1_macro,f1_pos,roc_auc,pr_auc,log_loss,brier,ece,mean_predictive_entropy
classical_ext,svc,4,linear__svc__d4,linear,id_val,100.0,0.8076412308315589,0.5697226524353027,0.8468368479467259,0.8443103737221385,0.8433193544159602,0.8198433420365535,0.8958980273859166,0.9211559414704967,,,,
classical_ext,svc,4,linear__svc__d4,linear,id_test,100.0,0.8076412308315589,0.5697226524353027,0.8309232480533927,0.8280431532147066,0.8260147695441813,0.7967914438502673,0.8720058620245769,0.9104552213513138,,,,
classical_ext,svc,4,linear__svc__d4,linear,ood_test,100.0,0.8076412308315589,0.5697226524353027,0.6511111111111111,0.6493147302136066,0.640867408145422,0.5802139037433155,0.4920125941474256,0.508327081623541,,,,
classical_ext,gpc,4,linear__gpc__d4,linear,id_val,,,28.338011980056763,0.8468368479467259,0.8443103737221385,0.8433193544159602,0.8198433420365535,0.8962529204743739,0.9107674235277481,0.40940556508104264,0.12162038760001963,0.19283980667067643,0.5283099361980219
classical_ext,gpc,4,linear__gpc__d4,linear,id_test,,,28.338011980056763,0.8309232480533927,0.8280431532147066,0.8260147695441813,0.7967914438502673,0.8702630979611641,0.8976078113591617,0.4392148857287488,0.13324075410761196,0.20934357912179402,0.5355677206386062
classical_ext,gpc,4,linear__gpc__d4,linear,ood_test,,,28.338011980056763,0.6516666666666666,0.6498765279664156,0.6415084091149489,0.5811623246492986,0.5187146561303865,0.5517318475720466,0.7663597269182121,0.26160763317039726,0.33043069464040137,0.48123785479169284
classical_ext,svc,4,rbf_gscale__svc__d4,rbf_gscale,id_val,100.0,0.8942535634943634,0.21965527534484863,0.9056603773584906,0.9060667001843472,0.9056585179573409,0.9060773480662984,0.9706030225061367,0.9583471839026861,,,,
classical_ext,svc,4,rbf_gscale__svc__d4,rbf_gscale,id_test,100.0,0.8942535634943634,0.21965527534484863,0.8921023359288098,0.8923793680499856,0.8921018019121576,0.8918617614269788,0.9640356870550257,0.9412630192185197,,,,
classical_ext,svc,4,rbf_gscale__svc__d4,rbf_gscale,ood_test,100.0,0.8942535634943634,0.21965527534484863,0.9177777777777778,0.9183479441906408,0.9176385768045004,0.9210245464247598,0.9859575256204469,0.9845018471355319,,,,
classical_ext,gpc,4,rbf_gscale__gpc__d4,rbf_gscale,id_val,,,42.184510469436646,0.8879023307436182,0.8892659627953745,0.8875560514567509,0.8937960042060988,0.9674632044874261,0.9643997834754914,0.22918921195459221,0.07060679188800047,0.04886747099539604,0.2944197146247217
classical_ext,gpc,4,rbf_gscale__gpc__d4,rbf_gscale,id_test,,,42.184510469436646,0.8754171301446051,0.8768034142332333,0.8750148957298908,0.8821052631578947,0.9666498331501452,0.9640720907960239,0.23173393906789086,0.07176396369374376,0.055272931831928225,0.30100229187834554
classical_ext,gpc,4,rbf_gscale__gpc__d4,rbf_gscale,ood_test,,,42.184510469436646,0.9072222222222223,0.9080812445980986,0.9068010723767495,0.9130661114003124,0.8919804914186938,0.7645222228914131,0.2885633694087771,0.08233450101087234,0.08976526950194806,0.28818050965696707
classical_ext,svc,4,poly2__svc__d4,poly2,id_val,10.0,0.889074250389811,0.184126615524292,0.8845726970033296,0.8866683425506955,0.8835361730899256,0.8945233265720081,0.950733938623212,0.8957364195489251,,,,
classical_ext,svc,4,poly2__svc__d4,poly2,id_test,10.0,0.889074250389811,0.184126615524292,0.8832035595105673,0.8853711790393013,0.8820736154471758,0.8936170212765957,0.9482864470387865,0.8833155943012558,,,,
classical_ext,svc,4,poly2__svc__d4,poly2,ood_test,10.0,0.889074250389811,0.184126615524292,0.9211111111111111,0.9219533275713051,0.9207706204069588,0.9259645464025026,0.9698505988393629,0.9656503446315275,,,,
classical_ext,gpc,4,poly2__gpc__d4,poly2,id_val,,,31.99735116958618,0.8834628190899001,0.8855371208312385,0.8824410216901006,0.8934010152284264,0.957511410798608,0.9550063119704395,0.26693210639788956,0.07849273151657805,0.0778829426973754,0.38392652039042763
classical_ext,gpc,4,poly2__gpc__d4,poly2,id_test,,,31.99735116958618,0.8832035595105673,0.8853711790393013,0.8820736154471758,0.8936170212765957,0.954767350899603,0.95268648720919,0.27087820116624406,0.08022777273077031,0.0776786341753076,0.39021249815486914
classical_ext,gpc,4,poly2__gpc__d4,poly2,ood_test,,,31.99735116958618,0.8211111111111111,0.8215952586739104,0.8208986216980887,0.8270676691729323,0.8387282380540807,0.7175818496136973,0.41754059016103245,0.13337315607768802,0.19194633752449666,0.4238879513568514
classical_ext,svc,4,poly3__svc__d4,poly3,id_val,10.0,0.8885640463081785,0.21220684051513672,0.8845726970033296,0.8866683425506955,0.8835361730899256,0.8945233265720081,0.9570234328019793,0.9161381791251071,,,,
classical_ext,svc,4,poly3__svc__d4,poly3,id_test,10.0,0.8885640463081785,0.21220684051513672,0.8832035595105673,0.8853711790393013,0.8820736154471758,0.8936170212765957,0.9492568497559141,0.8855439552098929,,,,
classical_ext,svc,4,poly3__svc__d4,poly3,ood_test,10.0,0.8885640463081785,0.21220684051513672,0.9205555555555556,0.921391529818496,0.9202184786277579,0.9254042775169535,0.9721360661810101,0.9684738974443408,,,,
classical_ext,gpc,4,poly3__gpc__d4,poly3,id_val,,,33.56871581077576,0.8867924528301887,0.8888469917881683,0.8858235434432584,0.8963414634146342,0.9628594524788296,0.9601902216915148,0.2500759621483769,0.07433185185358104,0.05216029541765321,0.35384147875512484
classical_ext,gpc,4,poly3__gpc__d4,poly3,id_test,,,33.56871581077576,0.8776418242491657,0.8796601610076344,0.8766403872062272,0.8877551020408163,0.9638178415470993,0.961441772070677,0.2521656864227926,0.07531570227456438,0.06440493911054944,0.35989144191202527
classical_ext,gpc,4,poly3__gpc__d4,poly3,ood_test,,,33.56871581077576,0.875,0.876052599086307,0.8740903024350936,0.8847926267281107,0.8709618471416224,0.743240571064406,0.3674054815207704,0.1108449554517701,0.1398245825350266,0.3851826939387845
classical_ext,svc,4,laplacian_med__svc__d4,laplacian_med,id_val,100.0,0.8935360666233937,0.29679059982299805,0.8912319644839067,0.8911932294285235,0.8911932294285235,0.8891402714932126,0.9637368270586264,0.951936186735282,,,,
classical_ext,svc,4,laplacian_med__svc__d4,laplacian_med,id_test,100.0,0.8935360666233937,0.29679059982299805,0.9121245828698554,0.9121983582370357,0.9121089230091441,0.910935738444194,0.9564160453118656,0.9406631148164855,,,,
classical_ext,svc,4,laplacian_med__svc__d4,laplacian_med,ood_test,100.0,0.8935360666233937,0.29679059982299805,0.9322222222222222,0.9323620200024694,0.932221887515494,0.9323725055432373,0.9781380417335473,0.9706762548535626,,,,
classical_ext,gpc,4,laplacian_med__gpc__d4,laplacian_med,id_val,,,42.6013765335083,0.8890122086570478,0.8901039048097872,0.8888247255784569,0.8933901918976546,0.9669357939254133,0.9634730300171976,0.2291804864125614,0.06990219283597368,0.041837878469435805,0.3051285057552634
classical_ext,gpc,4,laplacian_med__gpc__d4,laplacian_med,id_test,,,42.6013765335083,0.8887652947719689,0.8897355157492399,0.8886328725038403,0.8924731182795699,0.9665805186703502,0.9624315848044754,0.2319545396056698,0.07067943468469375,0.049127385250570296,0.3112028113605378
classical_ext,gpc,4,laplacian_med__gpc__d4,laplacian_med,ood_test,,,42.6013765335083,0.9061111111111111,0.9069329546857636,0.9057263056767206,0.9117493472584857,0.9021261884183233,0.7967204781801358,0.28040306445649354,0.08100603970322179,0.07799747314975644,0.3014278943038625
classical_ext,svc,4,matern15_med__svc__d4,matern15_med,id_val,100.0,0.894688565081205,0.18252182006835938,0.9067702552719201,0.906778950896598,0.9067444084103029,0.9051918735891648,0.9718352901743905,0.9618235730400011,,,,
classical_ext,svc,4,matern15_med__svc__d4,matern15_med,id_test,100.0,0.894688565081205,0.18252182006835938,0.9043381535038932,0.9043039340918317,0.9043039340918317,0.9024943310657596,0.9643476022141024,0.9410531784126869,,,,
classical_ext,svc,4,matern15_med__svc__d4,matern15_med,ood_test,100.0,0.894688565081205,0.18252182006835938,0.9222222222222223,0.9227188541795284,0.9221298355209082,0.924812030075188,0.9864119027040376,0.9855452375510312,,,,
classical_ext,gpc,4,matern15_med__gpc__d4,matern15_med,id_val,,,41.72291707992554,0.8867924528301887,0.8883861236802413,0.8862711612711613,0.893970893970894,0.9662851565965752,0.9626002990179552,0.23371565733314675,0.07139822973845802,0.050968895208215736,0.3079414835942582
classical_ext,gpc,4,matern15_med__gpc__d4,matern15_med,id_test,,,41.72291707992554,0.8787541713014461,0.880373109942667,0.8781747408178209,0.886576482830385,0.965728940775728,0.9627832246392669,0.23581531653628462,0.07233849419723551,0.05930894172502166,0.3147571134448871
classical_ext,gpc,4,matern15_med__gpc__d4,matern15_med,ood_test,,,41.72291707992554,0.91,0.9108408445487097,0.9096115528586431,0.9155370177267987,0.8916051364365971,0.7659731303036748,0.2979064639267493,0.08542909742177536,0.10291943423593118,0.31004485858300956
classical_ext,svc,4,matern25_med__svc__d4,matern25_med,id_val,100.0,0.8942911647417588,0.1974177360534668,0.9012208657047724,0.9016675046086811,0.901216485066491,0.9018743109151047,0.9694742653220162,0.9551154435804511,,,,
classical_ext,svc,4,matern25_med__svc__d4,matern25_med,id_test,100.0,0.8942911647417588,0.1974177360534668,0.896551724137931,0.896998683024884,0.896547115997352,0.8972375690607735,0.9652882987256037,0.9422859677616348,,,,
classical_ext,svc,4,matern25_med__svc__d4,matern25_med,ood_test,100.0,0.8942911647417588,0.1974177360534668,0.9133333333333333,0.9140017286084702,0.9131161236424394,0.9174603174603174,0.9837708359056674,0.9824646520666946,,,,
classical_ext,gpc,4,matern25_med__gpc__d4,matern25_med,id_val,,,40.62387943267822,0.8879023307436182,0.8896011396011396,0.8872975868325397,0.8955532574974147,0.9658957600134072,0.9627868079744725,0.23708026661498072,0.07225563107205593,0.051000364173002896,0.31393975927815365
classical_ext,gpc,4,matern25_med__gpc__d4,matern25_med,id_test,,,40.62387943267822,0.8832035595105673,0.8849924249175652,0.8824911210119245,0.891640866873065,0.9652684945885195,0.9626729842035726,0.23900636037489284,0.07314061034108557,0.06504175344273454,0.32087714138518425
classical_ext,gpc,4,matern25_med__gpc__d4,matern25_med,ood_test,,,40.62387943267822,0.91,0.9108408445487097,0.9096115528586431,0.9155370177267987,0.8824175824175825,0.7506003197624148,0.3096183239701583,0.08928538848884804,0.10902683486909374,0.3213463287295559
classical_ext,svc,4,rbf_gscale_x0.1__svc__d4,rbf_gscale_x0.1,id_val,10.0,0.889074250389811,0.1931624412536621,0.8845726970033296,0.8866683425506955,0.8835361730899256,0.8945233265720081,0.9522964540265577,0.9002328966358074,,,,
classical_ext,svc,4,rbf_gscale_x0.1__svc__d4,rbf_gscale_x0.1,id_test,10.0,0.889074250389811,0.1931624412536621,0.882091212458287,0.8842373921912288,0.8809765285424515,0.8924949290060852,0.9511134876075613,0.8857221341279399,,,,
classical_ext,svc,4,rbf_gscale_x0.1__svc__d4,rbf_gscale_x0.1,ood_test,10.0,0.889074250389811,0.1931624412536621,0.9211111111111111,0.9219533275713051,0.9207706204069588,0.9259645464025026,0.9729892579330781,0.9708125093398944,,,,
classical_ext,gpc,4,rbf_gscale_x0.1__gpc__d4,rbf_gscale_x0.1,id_val,,,36.467020750045776,0.8823529411764706,0.8844058991117815,0.881346035342994,0.8922764227642277,0.9548546417058529,0.9523392926924791,0.2785591460440705,0.08209004877002246,0.08740754609117699,0.39669602589188063
classical_ext,gpc,4,rbf_gscale_x0.1__gpc__d4,rbf_gscale_x0.1,id_test,,,36.467020750045776,0.882091212458287,0.8842373921912288,0.8809765285424515,0.8924949290060852,0.9523413441067841,0.9504775355563151,0.2825656501243115,0.08371792906652818,0.0938397942391284,0.40338674018098625
classical_ext,gpc,4,rbf_gscale_x0.1__gpc__d4,rbf_gscale_x0.1,ood_test,,,36.467020750045776,0.8083333333333333,0.8086739103593037,0.8082433142225101,0.8123980424143556,0.8386986047660204,0.7208839670130223,0.42863815351856555,0.13890625843942345,0.188712564218712,0.4372662448869638
classical_ext,svc,4,rbf_gscale_x0.3__svc__d4,rbf_gscale_x0.3,id_val,10.0,0.8885640463081785,0.2283616065979004,0.8845726970033296,0.8866683425506955,0.8835361730899256,0.8945233265720081,0.9687004012263527,0.9567682584194948,,,,
classical_ext,svc,4,rbf_gscale_x0.3__svc__d4,rbf_gscale_x0.3,id_test,10.0,0.8885640463081785,0.2283616065979004,0.882091212458287,0.8842373921912288,0.8809765285424515,0.8924949290060852,0.959376763805959,0.9268332147104235,,,,
classical_ext,svc,4,rbf_gscale_x0.3__svc__d4,rbf_gscale_x0.3,ood_test,10.0,0.8885640463081785,0.2283616065979004,0.9211111111111111,0.9219533275713051,0.9207706204069588,0.9259645464025026,0.9794233856031609,0.9788330533132249,,,,
classical_ext,gpc,4,rbf_gscale_x0.3__gpc__d4,rbf_gscale_x0.3,id_val,,,42.82891321182251,0.8901220865704772,0.8920730685436569,0.88929239422775,0.898876404494382,0.9643431027514072,0.9613773061091577,0.24325350532053164,0.0735842842559608,0.058398091791693744,0.32893625572735463
classical_ext,gpc,4,rbf_gscale_x0.3__gpc__d4,rbf_gscale_x0.3,id_test,,,42.82891321182251,0.8843159065628476,0.8863366307221578,0.8833690933586148,0.8938775510204081,0.9644119656596263,0.9618820779074786,0.24534456890642425,0.07446360013502867,0.054231973092637685,0.3361632578016221
classical_ext,gpc,4,rbf_gscale_x0.3__gpc__d4,rbf_gscale_x0.3,ood_test,,,42.82891321182251,0.9072222222222223,0.9080812445980986,0.9068010723767495,0.9130661114003124,0.8775774787010742,0.7488236436824358,0.3304592345668257,0.09723674441463274,0.12693019646422127,0.3448202078731077
classical_ext,svc,4,rbf_gscale_x3__svc__d4,rbf_gscale_x3,id_val,100.0,0.8954985442452845,0.2268211841583252,0.9001109877913429,0.8999916205798559,0.900056694931966,0.8977272727272727,0.9685377418941433,0.9561433543268235,,,,
classical_ext,svc,4,rbf_gscale_x3__svc__d4,rbf_gscale_x3,id_test,100.0,0.8954985442452845,0.2268211841583252,0.9043381535038932,0.9041776827179198,0.9042754979744252,0.9018264840182648,0.9581439562724653,0.9261305487035151,,,,
classical_ext,svc,4,rbf_gscale_x3__svc__d4,rbf_gscale_x3,ood_test,100.0,0.8954985442452845,0.2268211841583252,0.9466666666666667,0.946795900728485,0.946666600822964,0.946725860155383,0.9904383257192246,0.990242921272822,,,,
classical_ext,gpc,4,rbf_gscale_x3__gpc__d4,rbf_gscale_x3,id_val,,,44.3704469203949,0.8901220865704772,0.8912351265292442,0.88992629174549,0.8945686900958466,0.9682272104417434,0.964464829078856,0.22165595119834605,0.0681422427949721,0.03972441835574241,0.2875152573035869
classical_ext,gpc,4,rbf_gscale_x3__gpc__d4,rbf_gscale_x3,id_test,,,44.3704469203949,0.8776418242491657,0.8787343175989464,0.8774342118309635,0.8824786324786325,0.9672934676053829,0.9630890184557536,0.22519727944269113,0.06947686216597865,0.04449025926884469,0.2938163119378623
classical_ext,gpc,4,rbf_gscale_x3__gpc__d4,rbf_gscale_x3,ood_test,,,44.3704469203949,0.9138888888888889,0.9146623039881467,0.9135835240019439,0.918720503408495,0.92193110260526,0.8249288993829804,0.26261650395531805,0.07589813099538387,0.04967969496360181,0.26459866788064434
classical_ext,svc,4,rbf_gscale_x10__svc__d4,rbf_gscale_x10,id_val,10.0,0.8951235666680464,0.2154698371887207,0.9056603773584906,0.9056058320764203,0.905622710193881,0.9037372593431483,0.9653929948047595,0.9596681729068617,,,,
classical_ext,svc,4,rbf_gscale_x10__svc__d4,rbf_gscale_x10,id_test,10.0,0.8951235666680464,0.2154698371887207,0.9054505005561735,0.9052693857746883,0.9053830676365887,0.9028571428571428,0.9580053273128756,0.9413031776808726,,,,
classical_ext,svc,4,rbf_gscale_x10__svc__d4,rbf_gscale_x10,ood_test,10.0,0.8951235666680464,0.2154698371887207,0.94,0.9402765773552291,0.939987478869048,0.940854326396495,0.9847833065810592,0.9849647778184873,,,,
classical_ext,gpc,4,rbf_gscale_x10__gpc__d4,rbf_gscale_x10,id_val,,,51.47338080406189,0.8967813540510544,0.8973521032344562,0.8967630415310901,0.8981380065717415,0.9711600074921873,0.9667912903956516,0.21597273181136123,0.0651562261159505,0.05999426582716623,0.2900416714618341
classical_ext,gpc,4,rbf_gscale_x10__gpc__d4,rbf_gscale_x10,id_test,,,51.47338080406189,0.8943270300333704,0.8947731931200428,0.894322322792994,0.8950276243093923,0.9699769281802968,0.9652177550885994,0.22074912967596338,0.06689380243233382,0.04604281889898392,0.29371474858523433
classical_ext,gpc,4,rbf_gscale_x10__gpc__d4,rbf_gscale_x10,ood_test,,,51.47338080406189,0.9177777777777778,0.9184837634275836,0.9175432340880727,0.9219409282700421,0.9444240029633287,0.9158497592546135,0.2509024935861296,0.07340994363681046,0.05194771085179455,0.2630397904247603
classical_ext,svc,4,laplacian_med_x0.1__svc__d4,laplacian_med_x0.1,id_val,10.0,0.8954692589446072,0.2153339385986328,0.8990011098779135,0.899069884364002,0.8989831911755828,0.8976377952755905,0.9541793590236496,0.9492426536476952,,,,
classical_ext,svc,4,laplacian_med_x0.1__svc__d4,laplacian_med_x0.1,id_test,10.0,0.8954692589446072,0.2153339385986328,0.899888765294772,0.9000633732386696,0.8998826953345411,0.899103139013453,0.9463456416045313,0.939858340222907,,,,
classical_ext,svc,4,laplacian_med_x0.1__svc__d4,laplacian_med_x0.1,ood_test,10.0,0.8954692589446072,0.2153339385986328,0.9405555555555556,0.9406778614643783,0.9405555372084992,0.94058856191005,0.9770774169650573,0.9669546715877562,,,,
classical_ext,gpc,4,laplacian_med_x0.1__gpc__d4,laplacian_med_x0.1,id_val,,,38.27625250816345,0.9067702552719201,0.9070722306016423,0.906770140428677,0.9066666666666666,0.9737428405248474,0.9708185255381565,0.22082499657473878,0.06473629355022563,0.05477963245405163,0.31901239600797165
classical_ext,gpc,4,laplacian_med_x0.1__gpc__d4,laplacian_med_x0.1,id_test,,,38.27625250816345,0.9098998887652948,0.9100991197061066,0.9098958752235001,0.9092945128779395,0.9696897681925755,0.9631616889868366,0.2276175688689894,0.06675247134632936,0.0577887694053594,0.3186420950402221
classical_ext,gpc,4,laplacian_med_x0.1__gpc__d4,laplacian_med_x0.1,ood_test,,,38.27625250816345,0.9205555555555556,0.9212310161748365,0.9203519860482919,0.9243786356425172,0.9638239288801086,0.9512913427638743,0.23606392757601233,0.06845274102783741,0.07284648826449333,0.31260484738881333
classical_ext,svc,4,laplacian_med_x0.3__svc__d4,laplacian_med_x0.3,id_val,10.0,0.8932659585801762,0.19213509559631348,0.9089900110987791,0.909041394335512,0.9089710607763124,0.9076576576576577,0.958477508650519,0.9506908946304882,,,,
classical_ext,svc,4,laplacian_med_x0.3__svc__d4,laplacian_med_x0.3,id_test,10.0,0.8932659585801762,0.19213509559631348,0.9121245828698554,0.9121141906544277,0.9120967392582415,0.9105322763306908,0.9539900385190467,0.943222004668752,,,,
classical_ext,svc,4,laplacian_med_x0.3__svc__d4,laplacian_med_x0.3,ood_test,10.0,0.8932659585801762,0.19213509559631348,0.9427777777777778,0.9430114828991234,0.9427714013814502,0.9433754810335349,0.9790393875787134,0.9728596732899534,,,,
classical_ext,gpc,4,laplacian_med_x0.3__gpc__d4,laplacian_med_x0.3,id_val,,,36.648067474365234,0.8923418423973363,0.8929110105580694,0.8923227422421047,0.8937568455640745,0.971362099389781,0.9684607809283048,0.21802288475600684,0.06593236669827,0.04368553362088109,0.2967256668967441
classical_ext,gpc,4,laplacian_med_x0.3__gpc__d4,laplacian_med_x0.3,id_test,,,36.648067474365234,0.8976640711902113,0.8981324698729565,0.8976578663419753,0.8984547461368654,0.9695016288902752,0.9646593608793067,0.22275890169082274,0.06719656239541742,0.051287906098764595,0.2996897351586037
classical_ext,gpc,4,laplacian_med_x0.3__gpc__d4,laplacian_med_x0.3,ood_test,,,36.648067474365234,0.9155555555555556,0.9162983084331399,0.9152835215302472,0.9200841219768665,0.9514433880726015,0.9267796175387298,0.24956777835922714,0.0730234498597914,0.05319793154597321,0.28529929407290233
classical_ext,svc,4,laplacian_med_x3__svc__d4,laplacian_med_x3,id_val,100.0,0.892935640911362,0.21950650215148926,0.8967813540510544,0.896807440925088,0.8967564270796755,0.895152198421646,0.9611145614605822,0.9458692378352167,,,,
classical_ext,svc,4,laplacian_med_x3__svc__d4,laplacian_med_x3,id_test,100.0,0.892935640911362,0.21950650215148926,0.9076751946607341,0.9077473784273535,0.9076587418956831,0.9064261555806088,0.958208319717989,0.9434897937312429,,,,
classical_ext,svc,4,laplacian_med_x3__svc__d4,laplacian_med_x3,ood_test,100.0,0.892935640911362,0.21950650215148926,0.935,0.9352574391900235,0.934989385612651,0.9358200767964893,0.9762303988146686,0.9697178516159765,,,,
classical_ext,gpc,4,laplacian_med_x3__gpc__d4,laplacian_med_x3,id_val,,,34.078893184661865,0.8845726970033296,0.8865426512485336,0.8836784348776007,0.8938775510204081,0.9616271848105757,0.9584394239172047,0.2458392555268953,0.07421671960820779,0.06075543559143657,0.33417414520088
classical_ext,gpc,4,laplacian_med_x3__gpc__d4,laplacian_med_x3,id_test,,,34.078893184661865,0.8809788654060067,0.8830615215518522,0.8799305993297093,0.8911495422177009,0.9620354692095179,0.9584500987227733,0.24681565707797748,0.07430844424330131,0.043205434442590444,0.3422302696786205
classical_ext,gpc,4,laplacian_med_x3__gpc__d4,laplacian_med_x3,ood_test,,,34.078893184661865,0.9077777777777778,0.9086183479441907,0.90737973934898,0.913451511991658,0.8820397579948143,0.7460564453641509,0.31419018372767477,0.09168476678898156,0.12407842791148607,0.3464951971759291
classical_ext,svc,4,laplacian_med_x10__svc__d4,laplacian_med_x10,id_val,100.0,0.890139859549631,0.22023868560791016,0.9001109877913429,0.9004524886877827,0.9001108647450111,0.9002217294900222,0.9606758741706839,0.9395870412082005,,,,
classical_ext,svc,4,laplacian_med_x10__svc__d4,laplacian_med_x10,id_test,100.0,0.890139859549631,0.22023868560791016,0.9010011123470523,0.9012392438780461,0.9009991524217846,0.9005586592178771,0.9545940647001159,0.93172883545795,,,,
classical_ext,svc,4,laplacian_med_x10__svc__d4,laplacian_med_x10,ood_test,100.0,0.890139859549631,0.22023868560791016,0.9144444444444444,0.9150512408939375,0.9142751113310242,0.9180851063829787,0.9668712186689714,0.9585448560504023,,,,
classical_ext,gpc,4,laplacian_med_x10__gpc__d4,laplacian_med_x10,id_val,,,35.42927837371826,0.8845726970033296,0.8866683425506955,0.8835361730899256,0.8945233265720081,0.954918719624602,0.950060421185042,0.2725466780204184,0.07941628545084807,0.08664867915447289,0.3950989682758289
classical_ext,gpc,4,laplacian_med_x10__gpc__d4,laplacian_med_x10,id_test,,,35.42927837371826,0.8832035595105673,0.8853711790393013,0.8820736154471758,0.8936170212765957,0.9565645763399976,0.9517871415739829,0.2740803561014046,0.07966666022045514,0.07771172927178358,0.40392818268834363
classical_ext,gpc,4,laplacian_med_x10__gpc__d4,laplacian_med_x10,ood_test,,,35.42927837371826,0.8727777777777778,0.8738424496851462,0.8718273618420542,0.8828644501278773,0.8705976046425485,0.7413603291742816,0.3634124308931858,0.10986192665393547,0.11956084899697893,0.42108311283338207
classical_ext,svc,4,matern15_med_x0.1__svc__d4,matern15_med_x0.1,id_val,10.0,0.8991127748141091,0.22621989250183105,0.9134295227524972,0.9136919725155019,0.9134285629816505,0.9131403118040089,0.957836729463027,0.9476694773102725,,,,
classical_ext,svc,4,matern15_med_x0.1__svc__d4,matern15_med_x0.1,id_test,10.0,0.8991127748141091,0.22621989250183105,0.9032258064516129,0.9032543148263672,0.9032023316687396,0.9016949152542373,0.9589955341670875,0.9570345015485883,,,,
classical_ext,svc,4,matern15_med_x0.1__svc__d4,matern15_med_x0.1,ood_test,10.0,0.8991127748141091,0.22621989250183105,0.9444444444444444,0.9446845289541919,0.944437584887023,0.945054945054945,0.9797765156192123,0.9715526653104458,,,,
classical_ext,gpc,4,matern15_med_x0.1__gpc__d4,matern15_med_x0.1,id_val,,,41.63723063468933,0.9112097669256382,0.9114714261773085,0.9112087825452826,0.910913140311804,0.9742899673695522,0.9708613223295885,0.214991750426382,0.06303943626949839,0.04797199498254408,0.30661358805175176
classical_ext,gpc,4,matern15_med_x0.1__gpc__d4,matern15_med_x0.1,id_test,,,41.63723063468933,0.9098998887652948,0.9101412034974106,0.9098981050130849,0.9094972067039107,0.9699521730089415,0.962952724127893,0.2218075301930632,0.06543818517077649,0.0476470117553492,0.3054876033181665
classical_ext,gpc,4,matern15_med_x0.1__gpc__d4,matern15_med_x0.1,ood_test,,,41.63723063468933,0.9177777777777778,0.9184343746141499,0.9175807856803422,0.9216101694915254,0.9595110507470059,0.9456651881671057,0.23907344720138832,0.0701951350036013,0.058840282745205,0.29189094945378996
classical_ext,svc,4,matern15_med_x0.3__svc__d4,matern15_med_x0.3,id_val,100.0,0.8985625547260738,0.23072481155395508,0.9145394006659268,0.9147394000335177,0.9145356106755034,0.9139664804469274,0.9692130245763465,0.9633113102254848,,,,
classical_ext,svc,4,matern15_med_x0.3__svc__d4,matern15_med_x0.3,id_test,100.0,0.8985625547260738,0.23072481155395508,0.9021134593993326,0.9023309469348146,0.9021104313911821,0.901565995525727,0.9647040766816187,0.9642064781717036,,,,
classical_ext,svc,4,matern15_med_x0.3__svc__d4,matern15_med_x0.3,ood_test,100.0,0.8985625547260738,0.23072481155395508,0.9494444444444444,0.9496666255093221,0.9494399346114515,0.9499174463401211,0.9830892702802815,0.974918212856295,,,,
classical_ext,gpc,4,matern15_med_x0.3__gpc__d4,matern15_med_x0.3,id_val,,,47.048551082611084,0.8923418423973363,0.8930367018602312,0.8922988575153701,0.8944504896626768,0.9703516399018128,0.966063820550197,0.21705847780521975,0.06590501434575295,0.04365025348860325,0.28899499536500306
classical_ext,gpc,4,matern15_med_x0.3__gpc__d4,matern15_med_x0.3,id_test,,,47.048551082611084,0.8932146829810901,0.8937235738545781,0.893203979606989,0.8942731277533039,0.969486775787462,0.9649590478950519,0.2211165096298762,0.06738622491780212,0.04959072391625217,0.2932930973989586
classical_ext,gpc,4,matern15_med_x0.3__gpc__d4,matern15_med_x0.3,ood_test,,,47.048551082611084,0.9161111111111111,0.9168230645758735,0.9158667872225237,0.9204006325777544,0.9382726262501544,0.8846860237979952,0.2549570686313302,0.07424015713574043,0.04905712132457286,0.26689007585214314
classical_ext,svc,4,matern15_med_x3__svc__d4,matern15_med_x3,id_val,10.0,0.8885840543113798,0.20133662223815918,0.8845726970033296,0.8866683425506955,0.8835361730899256,0.8945233265720081,0.9641903015605437,0.9432708805246619,,,,
classical_ext,svc,4,matern15_med_x3__svc__d4,matern15_med_x3,id_test,10.0,0.8885840543113798,0.20133662223815918,0.8832035595105673,0.8853711790393013,0.8820736154471758,0.8936170212765957,0.9581637604095495,0.922085403645628,,,,
classical_ext,svc,4,matern15_med_x3__svc__d4,matern15_med_x3,ood_test,10.0,0.8885840543113798,0.20133662223815918,0.9211111111111111,0.9219533275713051,0.9207706204069588,0.9259645464025026,0.9788504753673292,0.9776074459367732,,,,
classical_ext,gpc,4,matern15_med_x3__gpc__d4,matern15_med_x3,id_val,,,32.9243905544281,0.8845726970033296,0.8866683425506955,0.8835361730899256,0.8945233265720081,0.955574286024113,0.9527652916944466,0.27323111141604617,0.07974752776585464,0.08381553184171507,0.39785819495794456
classical_ext,gpc,4,matern15_med_x3__gpc__d4,matern15_med_x3,id_test,,,32.9243905544281,0.8832035595105673,0.8853711790393013,0.8820736154471758,0.8936170212765957,0.9566338908197922,0.9543457119823557,0.2764483981223365,0.08097209765167361,0.08251422961986275,0.40469138762003826
classical_ext,gpc,4,matern15_med_x3__gpc__d4,matern15_med_x3,ood_test,,,32.9243905544281,0.8361111111111111,0.8367637979997531,0.8357094613095781,0.8438327157226045,0.8430571675515496,0.7215548770069123,0.4051882109665814,0.12797404923771477,0.17380677934335756,0.4326430488173075
classical_ext,svc,4,matern15_med_x10__svc__d4,matern15_med_x10,id_val,100.0,0.8836748492500448,0.20803451538085938,0.8845726970033296,0.8866683425506955,0.8835361730899256,0.8945233265720081,0.9525774110549198,0.901497632218361,,,,
classical_ext,svc,4,matern15_med_x10__svc__d4,matern15_med_x10,id_test,100.0,0.8836748492500448,0.20803451538085938,0.8832035595105673,0.8853711790393013,0.8820736154471758,0.8936170212765957,0.950846131756924,0.8927825321456578,,,,
classical_ext,svc,4,matern15_med_x10__svc__d4,matern15_med_x10,ood_test,100.0,0.8836748492500448,0.20803451538085938,0.9211111111111111,0.9219533275713051,0.9207706204069588,0.9259645464025026,0.9739338189899986,0.9720534529316577,,,,
classical_ext,gpc,4,matern15_med_x10__gpc__d4,matern15_med_x10,id_val,,,26.009962558746338,0.8734739178690344,0.8744343891402715,0.8733239603374279,0.8776824034334764,0.9545884718895099,0.952243644291894,0.38213873306139995,0.11194365428709542,0.1557925915886822,0.5475800649525068
classical_ext,gpc,4,matern15_med_x10__gpc__d4,matern15_med_x10,id_test,,,26.009962558746338,0.8587319243604005,0.8595861925556249,0.8586136652116033,0.8627027027027027,0.9498955331768807,0.9489023224296774,0.3929333846637809,0.11698950132406183,0.1678206721628608,0.5510111541811155
classical_ext,gpc,4,matern15_med_x10__gpc__d4,matern15_med_x10,ood_test,,,26.009962558746338,0.6855555555555556,0.6845659958019509,0.6825895310624839,0.6519065190651907,0.7938572663291764,0.6887640505700627,0.5574261402990053,0.19020866613477405,0.16900793519764248,0.5697161691562125
classical_ext,svc,4,matern25_med_x0.1__svc__d4,matern25_med_x0.1,id_val,10.0,0.8981473860330059,0.21978402137756348,0.9156492785793563,0.9158706217529747,0.9156466808577736,0.9151785714285714,0.9630664734470964,0.9585061180071782,,,,
classical_ext,svc,4,matern25_med_x0.1__svc__d4,matern25_med_x0.1,id_test,10.0,0.8981473860330059,0.21978402137756348,0.9065628476084538,0.906655675370585,0.9065488565488565,0.9054054054054054,0.9598421610274386,0.9598820201430021,,,,
classical_ext,svc,4,matern25_med_x0.1__svc__d4,matern25_med_x0.1,ood_test,10.0,0.8981473860330059,0.21978402137756348,0.9472222222222222,0.9474811705148785,0.9472136037025798,0.947888096544158,0.9787541671811336,0.9710149686172642,,,,
classical_ext,gpc,4,matern25_med_x0.1__gpc__d4,matern25_med_x0.1,id_val,,,44.22921323776245,0.9056603773584906,0.9058991117814648,0.9056585179573409,0.9052396878483835,0.9736935498181174,0.9700508569541487,0.21523582484963324,0.06325753933424365,0.05407988333443927,0.3048437778071838
classical_ext,gpc,4,matern25_med_x0.1__gpc__d4,matern25_med_x0.1,id_test,,,44.22921323776245,0.9065628476084538,0.906824010535801,0.9065618070953436,0.90625,0.969739278535286,0.9631262824879243,0.22165543366648627,0.06564574027798582,0.04472613571852816,0.3036469768316941
classical_ext,gpc,4,matern25_med_x0.1__gpc__d4,matern25_med_x0.1,ood_test,,,44.22921323776245,0.9166666666666666,0.9173231263118904,0.9164670125138603,0.9205508474576272,0.9584812939869121,0.945289590877718,0.24036461987050237,0.07064904505843127,0.054671822115923877,0.288473072687235
classical_ext,svc,4,matern25_med_x0.3__svc__d4,matern25_med_x0.3,id_val,100.0,0.8968942959644913,0.2371382713317871,0.9123196448390677,0.9121417797888386,0.9122573885173657,0.9099201824401368,0.9695087688167273,0.9655106067741428,,,,
classical_ext,svc,4,matern25_med_x0.3__svc__d4,matern25_med_x0.3,id_test,100.0,0.8968942959644913,0.2371382713317871,0.9054505005561735,0.9052273019833843,0.9053713507321755,0.9026345933562429,0.9640356870550258,0.9603801566698336,,,,
classical_ext,svc,4,matern25_med_x0.3__svc__d4,matern25_med_x0.3,ood_test,100.0,0.8968942959644913,0.2371382713317871,0.9472222222222222,0.9473576984812939,0.9472220756168768,0.947310038824182,0.9861810100012348,0.9838311523865813,,,,
classical_ext,gpc,4,matern25_med_x0.3__gpc__d4,matern25_med_x0.3,id_val,,,53.93410849571228,0.8901220865704772,0.8909418468241997,0.8900440691546735,0.892972972972973,0.969745364209032,0.9654991311117929,0.21872957269859503,0.06672093865768706,0.04334823687617114,0.2882686214605713
classical_ext,gpc,4,matern25_med_x0.3__gpc__d4,matern25_med_x0.3,id_test,,,53.93410849571228,0.8887652947719689,0.889483013001416,0.888715587244999,0.8910675381263616,0.9687936309895138,0.9642784787768307,0.22265841360538874,0.06817329032751576,0.061712906085309605,0.2934970290265235
classical_ext,gpc,4,matern25_med_x0.3__gpc__d4,matern25_med_x0.3,ood_test,,,53.93410849571228,0.9127777777777778,0.9135263612791702,0.9124912406085234,0.9174986862848135,0.931314977157674,0.8544424027652131,0.2575552020715106,0.07475545623782362,0.05013071227558456,0.2645698389723286
classical_ext,svc,4,matern25_med_x3__svc__d4,matern25_med_x3,id_val,100.0,0.8885640463081785,0.23387527465820312,0.8834628190899001,0.8855371208312385,0.8824410216901006,0.8934010152284264,0.9653634203807213,0.9473750089592095,,,,
classical_ext,svc,4,matern25_med_x3__svc__d4,matern25_med_x3,id_test,100.0,0.8885640463081785,0.23387527465820312,0.882091212458287,0.8842373921912288,0.8809765285424515,0.8924949290060852,0.9567329115052136,0.9202693926514284,,,,
classical_ext,svc,4,matern25_med_x3__svc__d4,matern25_med_x3,ood_test,100.0,0.8885640463081785,0.23387527465820312,0.9211111111111111,0.9219533275713051,0.9207706204069588,0.9259645464025026,0.979287566366218,0.9788894036662763,,,,
classical_ext,gpc,4,matern25_med_x3__gpc__d4,matern25_med_x3,id_val,,,37.639004945755005,0.876803551609323,0.8786240992123344,0.876011787502619,0.8859198355601233,0.9557665197803606,0.9529407810466397,0.2989286730106325,0.0873121301221713,0.11527437971156396,0.42926375360065433
classical_ext,gpc,4,matern25_med_x3__gpc__d4,matern25_med_x3,id_test,,,37.639004945755005,0.8776418242491657,0.8794918258424185,0.8768296814436174,0.8868312757201646,0.9523859034152234,0.9505556368552975,0.30536243063865237,0.09011342404201761,0.12110451200328655,0.4351307292498958
classical_ext,gpc,4,matern25_med_x3__gpc__d4,matern25_med_x3,ood_test,,,37.639004945755005,0.7211111111111111,0.7204716631682924,0.7199074045372769,0.7015457788347206,0.8352944808000987,0.7167472968931927,0.4699752395925178,0.15636326240577628,0.21167716947847495,0.46879924041157023
classical_ext,svc,4,matern25_med_x10__svc__d4,matern25_med_x10,id_val,100.0,0.8777828372728402,0.1927201747894287,0.8845726970033296,0.8866683425506955,0.8835361730899256,0.8945233265720081,0.9033458531728428,0.8403440357410628,,,,
classical_ext,svc,4,matern25_med_x10__svc__d4,matern25_med_x10,id_test,100.0,0.8777828372728402,0.1927201747894287,0.8832035595105673,0.8853711790393013,0.8820736154471758,0.8936170212765957,0.9128419926922734,0.8528868257087325,,,,
classical_ext,svc,4,matern25_med_x10__svc__d4,matern25_med_x10,ood_test,100.0,0.8777828372728402,0.1927201747894287,0.8911111111111111,0.8923076923076922,0.8900600307133882,0.9008097165991903,0.8760106185948883,0.7426583934791973,,,,
classical_ext,gpc,4,matern25_med_x10__gpc__d4,matern25_med_x10,id_val,,,21.40880560874939,0.8745837957824639,0.875523713759008,0.8744445992790735,0.878625134264232,0.9439121048117589,0.9459130670792637,0.41645408511189436,0.12425033035794827,0.20396955304094905,0.5827308734755327
classical_ext,gpc,4,matern25_med_x10__gpc__d4,matern25_med_x10,id_test,,,21.40880560874939,0.8587319243604005,0.8595861925556249,0.8586136652116033,0.8627027027027027,0.9338937904128172,0.9395298851781194,0.42752036799883464,0.12951516608923477,0.20971330302944932,0.5853968077022695
classical_ext,gpc,4,matern25_med_x10__gpc__d4,matern25_med_x10,ood_test,,,21.40880560874939,0.685,0.6840041980491418,0.6819941577409931,0.6510769230769231,0.7455080874181996,0.6570761673600884,0.5839835034219414,0.20068264799145002,0.19196587346925142,0.5992463147935638
quantum,svc,4,zz_r1_full__as0.5__svc__d4,zz_r1_full__as0.5,id_val,1.0,0.8933659670764857,0.18448376655578613,0.9078801331853497,0.9087900117311882,0.9077910820611652,0.9106566200215285,0.9725795798460158,0.9593139651249976,,,,
quantum,svc,4,zz_r1_full__as0.5__svc__d4,zz_r1_full__as0.5,id_test,1.0,0.8933659670764857,0.18448376655578613,0.8932146829810901,0.8941444117676183,0.8931034482758621,0.896551724137931,0.965055600114864,0.9399334186061136,,,,
quantum,svc,4,zz_r1_full__as0.5__svc__d4,zz_r1_full__as0.5,ood_test,1.0,0.8933659670764857,0.18448376655578613,0.9172222222222223,0.9179837016915668,0.9169395860915616,0.9217847769028872,0.9662242252129892,0.9580584761433615,,,,
quantum,gpc,4,zz_r1_full__as0.5__gpc__d4,zz_r1_full__as0.5,id_val,,,40.068167209625244,0.897891231964484,0.8985252220546338,0.8978629234969984,0.8995633187772926,0.9706178097181557,0.9646263817579578,0.21601255141369943,0.06486860104417713,0.0434548553633677,0.29278603240086454
quantum,gpc,4,zz_r1_full__as0.5__gpc__d4,zz_r1_full__as0.5,id_test,,,40.068167209625244,0.8909899888765295,0.8915401677410411,0.890973665973666,0.8923076923076924,0.9662785055798155,0.9593621706482932,0.22455754655177756,0.06807772554592728,0.05126921884422401,0.29725869711610897
quantum,gpc,4,zz_r1_full__as0.5__gpc__d4,zz_r1_full__as0.5,ood_test,,,40.068167209625244,0.9088888888888889,0.9096925546363749,0.9085347716591644,0.9142259414225942,0.9386825534016545,0.8992769964405422,0.26110533989398077,0.07646544364355909,0.04861230387158882,0.2658187560612248
quantum,svc,4,zz_r2_full__as0.5__svc__d4,zz_r2_full__as0.5,id_val,100.0,0.8954388757078187,0.29889583587646484,0.9067702552719201,0.9066532595944361,0.9067195819365017,0.9045454545454545,0.9721162472027524,0.9640218035376985,,,,
quantum,svc,4,zz_r2_full__as0.5__svc__d4,zz_r2_full__as0.5,id_test,100.0,0.8954388757078187,0.29889583587646484,0.899888765294772,0.8997267029082375,0.8998231955546311,0.8972602739726028,0.9656002138846805,0.9539848722255714,,,,
quantum,svc,4,zz_r2_full__as0.5__svc__d4,zz_r2_full__as0.5,ood_test,100.0,0.8954388757078187,0.29889583587646484,0.9483333333333334,0.9484936411902705,0.9483325519429151,0.9485334809075816,0.9808741819977774,0.9690983172309959,,,,
quantum,gpc,4,zz_r2_full__as0.5__gpc__d4,zz_r2_full__as0.5,id_val,,,43.023064613342285,0.9001109877913429,0.9004943857885034,0.9001098803634429,0.9004424778761062,0.9715149005806445,0.9653915078264077,0.2200710875782353,0.0650799931767727,0.053848237372285425,0.30696003596512966
quantum,gpc,4,zz_r2_full__as0.5__gpc__d4,zz_r2_full__as0.5,id_test,,,43.023064613342285,0.899888765294772,0.9002317084038856,0.8998886414253897,0.9,0.9651843270059116,0.9468688615234491,0.22932276884809683,0.06802297065237868,0.046589903162612856,0.30863881734666765
quantum,gpc,4,zz_r2_full__as0.5__gpc__d4,zz_r2_full__as0.5,ood_test,,,43.023064613342285,0.905,0.9056364983331275,0.9047876824090758,0.9092838196286472,0.953385603160884,0.9409619887585222,0.26165198142004104,0.07717486289686903,0.059581008349689844,0.29053268851320885
quantum,svc,4,pauli_xz_r1_full__as0.5__svc__d4,pauli_xz_r1_full__as0.5,id_val,100.0,0.8913875895185661,0.26656627655029297,0.8956714761376249,0.8963884699178817,0.8956250616188505,0.8978260869565218,0.9717416378316033,0.96182561061318,,,,
quantum,svc,4,pauli_xz_r1_full__as0.5__svc__d4,pauli_xz_r1_full__as0.5,id_test,100.0,0.8913875895185661,0.26656627655029297,0.8909899888765295,0.891666419114953,0.890950994662785,0.8930131004366813,0.9645406925506738,0.942209425574037,,,,
quantum,svc,4,pauli_xz_r1_full__as0.5__svc__d4,pauli_xz_r1_full__as0.5,ood_test,100.0,0.8913875895185661,0.26656627655029297,0.9111111111111111,0.9117545375972342,0.9109077387765405,0.9151643690349947,0.9789578960365477,0.9772646308964431,,,,
quantum,gpc,4,pauli_xz_r1_full__as0.5__gpc__d4,pauli_xz_r1_full__as0.5,id_val,,,44.562689781188965,0.8867924528301887,0.8881766381766382,0.8864285714285715,0.8928571428571429,0.9665956880489751,0.9637910717429641,0.23237087373976442,0.07135442415073093,0.05488820378760981,0.29979858552544286
quantum,gpc,4,pauli_xz_r1_full__as0.5__gpc__d4,pauli_xz_r1_full__as0.5,id_test,,,44.562689781188965,0.8765294771968855,0.8778951172900019,0.8761463619878838,0.8830347734457323,0.9660260028319916,0.9636750746633742,0.23518688531942492,0.07263001233522645,0.05980450921338732,0.30654929191676306
quantum,gpc,4,pauli_xz_r1_full__as0.5__gpc__d4,pauli_xz_r1_full__as0.5,ood_test,,,44.562689781188965,0.9094444444444445,0.9102420051858254,0.9090987672565952,0.9147043432757719,0.8823583158414618,0.749646226844063,0.2992632699218922,0.0854655052466846,0.09207307365589915,0.29846871887240783
quantum,svc,4,zmap_r2__as0.5__svc__d4,zmap_r2__as0.5,id_val,100.0,0.8937433594127306,0.28267955780029297,0.9056603773584906,0.9060667001843472,0.9056585179573409,0.9060773480662984,0.9711501493508414,0.9599072424672515,,,,
quantum,svc,4,zmap_r2__as0.5__svc__d4,zmap_r2__as0.5,id_test,100.0,0.8937433594127306,0.28267955780029297,0.8921023359288098,0.8924214518412896,0.8921023359288098,0.8921023359288098,0.961629484399291,0.937479728368569,,,,
quantum,svc,4,zmap_r2__as0.5__svc__d4,zmap_r2__as0.5,ood_test,100.0,0.8937433594127306,0.28267955780029297,0.9188888888888889,0.9194468452895419,0.9187589031339032,0.9220085470085471,0.9852228670206198,0.9831594876433734,,,,
quantum,gpc,4,zmap_r2__as0.5__gpc__d4,zmap_r2__as0.5,id_val,,,43.85822820663452,0.8879023307436182,0.8893916540975364,0.8874676163800832,0.8944618599791013,0.9660879937696548,0.9632027623900037,0.22892363491188483,0.07073429749290813,0.04265821108679961,0.2923073069388123
quantum,gpc,4,zmap_r2__as0.5__gpc__d4,zmap_r2__as0.5,id_test,,,43.85822820663452,0.8832035595105673,0.8846557545871332,0.8827806304600234,0.8898216159496327,0.9654021725138381,0.9628249231349966,0.2325046499368344,0.07230975656087311,0.045206460840669066,0.29867210912357983
quantum,gpc,4,zmap_r2__as0.5__gpc__d4,zmap_r2__as0.5,ood_test,,,43.85822820663452,0.9088888888888889,0.909754290653167,0.908468408578172,0.9146722164412071,0.8910630942091617,0.7613986480232983,0.2874573839085311,0.08196944621518806,0.08942407498661827,0.2846775912515655
quantum,svc,4,zz_r1_full__svc__d4,zz_r1_full,id_val,1.0,0.8917825750990052,0.19502878189086914,0.9078801331853497,0.90824534942182,0.9078796792794257,0.9080841638981174,0.968153274381648,0.9498740583831323,,,,
quantum,svc,4,zz_r1_full__svc__d4,zz_r1_full,id_test,1.0,0.8917825750990052,0.19502878189086914,0.8976640711902113,0.8980483022903485,0.8976629315806145,0.8980044345898004,0.9650159918406955,0.9435660186494381,,,,
quantum,svc,4,zz_r1_full__svc__d4,zz_r1_full,ood_test,1.0,0.8917825750990052,0.19502878189086914,0.9105555555555556,0.9113409062847265,0.9102263578263379,0.9156626506024096,0.9499320903815286,0.9293784328385936,,,,
quantum,gpc,4,zz_r1_full__gpc__d4,zz_r1_full,id_val,,,46.501211404800415,0.9001109877913429,0.9004943857885034,0.9001098803634429,0.9004424778761062,0.9727422391782253,0.9691234206448657,0.2168382313345051,0.06421986668851314,0.060451851251635234,0.3031307091090443
quantum,gpc,4,zz_r1_full__gpc__d4,zz_r1_full,id_test,,,46.501211404800415,0.899888765294772,0.9003158759864935,0.8998856684682545,0.9004424778761062,0.9689619661547297,0.9651295667131197,0.22552192039500524,0.06793294890179594,0.04531316368806737,0.30384222376631287
quantum,gpc,4,zz_r1_full__gpc__d4,zz_r1_full,ood_test,,,46.501211404800415,0.9077777777777778,0.9084948759106062,0.907503600177811,0.9125395152792413,0.9324645017903446,0.894271515559659,0.27016616532426946,0.07968518541671679,0.057093430341557366,0.2958236566911771
quantum,svc,4,zz_r2_full__svc__d4,zz_r2_full,id_val,1.0,0.8922879496626237,0.21173572540283203,0.9001109877913429,0.9005781799899447,0.9001049581645626,0.9008810572687225,0.9698291584104733,0.9516797342080537,,,,
quantum,svc,4,zz_r2_full__svc__d4,zz_r2_full,id_test,1.0,0.8922879496626237,0.21173572540283203,0.899888765294772,0.9002317084038856,0.8998886414253897,0.9,0.9621641961005654,0.9368479810029191,,,,
quantum,svc,4,zz_r2_full__svc__d4,zz_r2_full,ood_test,1.0,0.8922879496626237,0.21173572540283203,0.9155555555555556,0.9163230028398568,0.9152616914707918,0.9202518363064008,0.9529411038399803,0.9349050323332869,,,,
quantum,gpc,4,zz_r2_full__gpc__d4,zz_r2_full,id_val,,,41.04561400413513,0.8923418423973363,0.8926596279537455,0.8923418423973363,0.8923418423973363,0.969079939668175,0.9620547860809981,0.23401017888711792,0.06791629543027503,0.0656897685287102,0.33772303214850335
quantum,gpc,4,zz_r2_full__gpc__d4,zz_r2_full,id_test,,,41.04561400413513,0.8987764182424917,0.899013753973205,0.8987744142739595,0.8983240223463688,0.9675509213874778,0.9586411402716951,0.24112964877950413,0.07040209354520952,0.05942398179525009,0.33986844738321415
quantum,gpc,4,zz_r2_full__gpc__d4,zz_r2_full,ood_test,,,41.04561400413513,0.8944444444444445,0.8950364242499074,0.8942458616735871,0.898828541001065,0.9368354117792321,0.9096080459970456,0.27392683814928115,0.08183687562767096,0.050965947879000155,0.3092859851681308
quantum,svc,4,pauli_xz_r1_full__svc__d4,pauli_xz_r1_full,id_val,100.0,0.893648324024166,0.29926300048828125,0.902330743618202,0.9025054466230937,0.9023248479831278,0.901565995525727,0.9691735920109623,0.9546955978587119,,,,
quantum,svc,4,pauli_xz_r1_full__svc__d4,pauli_xz_r1_full,id_test,100.0,0.893648324024166,0.29926300048828125,0.8943270300333704,0.8943102714156987,0.8942935472092779,0.8924122310305775,0.958366752814663,0.9344666941882562,,,,
quantum,svc,4,pauli_xz_r1_full__svc__d4,pauli_xz_r1_full,ood_test,100.0,0.893648324024166,0.29926300048828125,0.9461111111111111,0.9463081861958267,0.9461083000934308,0.9464975179260894,0.987174959871589,0.9859492921257815,,,,
quantum,gpc,4,pauli_xz_r1_full__gpc__d4,pauli_xz_r1_full,id_val,,,49.51761054992676,0.8856825749167592,0.8867521367521367,0.8854997810007341,0.8900747065101388,0.9670787369749307,0.9631675643126683,0.22341094104742232,0.0687560988798829,0.03824856431972544,0.28784041647845576
quantum,gpc,4,pauli_xz_r1_full__gpc__d4,pauli_xz_r1_full,id_test,,,49.51761054992676,0.8854282536151279,0.8865024903702383,0.8852442356906947,0.8898395721925134,0.966397330402321,0.9622853930958629,0.22729156795814698,0.07025092923410968,0.04542162771512326,0.29474479571227774
quantum,gpc,4,pauli_xz_r1_full__gpc__d4,pauli_xz_r1_full,ood_test,,,49.51761054992676,0.9027777777777778,0.9034510433386838,0.9025286542549027,0.9074563722897938,0.9193381898999877,0.8302219165500236,0.2688777824967267,0.07867537146696776,0.04988853413475798,0.2655126506222634
quantum,svc,4,zmap_r2__svc__d4,zmap_r2,id_val,100.0,0.8959463095583061,0.2600369453430176,0.9034406215316315,0.9033014915367856,0.9033830179818739,0.9010238907849829,0.9699129526119145,0.9592036476399273,,,,
quantum,svc,4,zmap_r2__svc__d4,zmap_r2,id_test,100.0,0.8959463095583061,0.2600369453430176,0.899888765294772,0.8996425353256295,0.8997983831018289,0.8967889908256881,0.9615403657824119,0.9396295108823515,,,,
quantum,svc,4,zmap_r2__svc__d4,zmap_r2,ood_test,100.0,0.8959463095583061,0.2600369453430176,0.9394444444444444,0.9395542659587603,0.9394444257544524,0.9394107837687604,0.9866576120508704,0.9857012554090891,,,,
quantum,gpc,4,zmap_r2__gpc__d4,zmap_r2,id_val,,,42.07782316207886,0.8790233074361821,0.8803418803418803,0.8786789821333494,0.8851422550052687,0.9664675322114769,0.9637447666974899,0.23726973590482273,0.07212400203543554,0.04562181640935236,0.31417643356495634
quantum,gpc,4,zmap_r2__gpc__d4,zmap_r2,id_test,,,42.07782316207886,0.8720800889877642,0.8733178861064077,0.8717729282555984,0.8780487804878049,0.9613373733772985,0.95523337684143,0.24546591751896651,0.07480077295876665,0.05082727009120514,0.3198343757350922
quantum,gpc,4,zmap_r2__gpc__d4,zmap_r2,ood_test,,,42.07782316207886,0.9094444444444445,0.9102049635757501,0.9091352518988224,0.9144356955380577,0.9054994443758487,0.7994333517771274,0.27547920719335933,0.07949749850450502,0.06082257207091544,0.2846631176728431
quantum,svc,4,zz_r1_full__as2__svc__d4,zz_r1_full__as2,id_val,10.0,0.890319952591574,0.2698373794555664,0.9100998890122086,0.9100050276520865,0.9100555705501965,0.9080590238365494,0.9640769329350645,0.9538487177007684,,,,
quantum,svc,4,zz_r1_full__as2__svc__d4,zz_r1_full__as2,id_test,10.0,0.890319952591574,0.2698373794555664,0.899888765294772,0.8998108704908455,0.8998440285204992,0.8977272727272727,0.9616344354335621,0.9546417117418781,,,,
quantum,svc,4,zz_r1_full__as2__svc__d4,zz_r1_full__as2,ood_test,10.0,0.890319952591574,0.2698373794555664,0.91,0.9104210396345228,0.909930501930502,0.9124324324324324,0.955958760340783,0.9405071936225031,,,,
quantum,gpc,4,zz_r1_full__as2__gpc__d4,zz_r1_full__as2,id_val,,,35.331032276153564,0.8901220865704772,0.890355287414111,0.8901199209150206,0.8896321070234113,0.9665759717662832,0.9628878374123943,0.24796120176344902,0.07355634223843636,0.04862419528370102,0.34424424958348726
quantum,gpc,4,zz_r1_full__as2__gpc__d4,zz_r1_full__as2,id_test,,,35.331032276153564,0.8976640711902113,0.8977537157512204,0.8976487476487476,0.8963963963963963,0.962877145035598,0.9523396104870809,0.25319428617446116,0.07463383140974632,0.05446481347197197,0.3416510193145092
quantum,gpc,4,zz_r1_full__as2__gpc__d4,zz_r1_full__as2,ood_test,,,35.331032276153564,0.9038888888888889,0.9044758612174342,0.903712689053518,0.9078316462440064,0.9383183109025806,0.904453596364623,0.2679861367727914,0.0786700627501052,0.038328899519886876,0.3073331189525583
quantum,svc,4,zz_r2_full__as2__svc__d4,zz_r2_full__as2,id_val,10.0,0.8721506211446595,0.4162123203277588,0.8923418423973363,0.8922406569465393,0.892288769671223,0.8898978433598184,0.9410976054574669,0.9212758978212249,,,,
quantum,svc,4,zz_r2_full__as2__svc__d4,zz_r2_full__as2,id_test,10.0,0.8721506211446595,0.4162123203277588,0.896551724137931,0.8964936775292358,0.8965102360879194,0.8944381384790011,0.9420877521314204,0.9237923529187944,,,,
quantum,svc,4,zz_r2_full__as2__svc__d4,zz_r2_full__as2,ood_test,10.0,0.8721506211446595,0.4162123203277588,0.8922222222222222,0.8926287195950118,0.8921455257071695,0.895021645021645,0.9190048154093098,0.8663320776449085,,,,
quantum,gpc,4,zz_r2_full__as2__gpc__d4,zz_r2_full__as2,id_val,,,37.86556434631348,0.8745837957824639,0.8746019775431539,0.8745535081720788,0.8726042841037204,0.9499305001035105,0.9407421427454306,0.3034425043340883,0.09044171666939332,0.0607478616747909,0.40139606516673365
quantum,gpc,4,zz_r2_full__as2__gpc__d4,zz_r2_full__as2,id_test,,,37.86556434631348,0.882091212458287,0.8821332026260286,0.8820665518197299,0.8803611738148984,0.948420124964105,0.9309379808601705,0.3044258487861574,0.08997017795087774,0.05702112023197773,0.4011491756593021
quantum,gpc,4,zz_r2_full__as2__gpc__d4,zz_r2_full__as2,ood_test,,,37.86556434631348,0.8716666666666667,0.8719162859612297,0.8716457100557468,0.8732857926494789,0.915878503518953,0.8406723106328415,0.3340330891876974,0.09959703790480266,0.07986904439576055,0.3908257069847885
quantum,svc,4,pauli_xz_r1_full__as2__svc__d4,pauli_xz_r1_full__as2,id_val,100.0,0.8913572378014747,0.3512554168701172,0.8990011098779135,0.8990279872632814,0.8989767189704352,0.8974069898534386,0.9622285314326837,0.9437560876651299,,,,
quantum,svc,4,pauli_xz_r1_full__as2__svc__d4,pauli_xz_r1_full__as2,id_test,100.0,0.8913572378014747,0.3512554168701172,0.9010011123470523,0.9010288249215261,0.900977097913998,0.8994350282485876,0.9591044569210508,0.9180033292760533,,,,
quantum,svc,4,pauli_xz_r1_full__as2__svc__d4,pauli_xz_r1_full__as2,ood_test,100.0,0.8913572378014747,0.3512554168701172,0.9055555555555556,0.9058772687986172,0.9055218466835697,0.9073064340239912,0.969762933695518,0.9581506235256146,,,,
quantum,gpc,4,pauli_xz_r1_full__as2__gpc__d4,pauli_xz_r1_full__as2,id_val,,,44.189486265182495,0.8867924528301887,0.8873805932629462,0.886768880477852,0.888402625820569,0.9638945573201628,0.9608085874320508,0.24417338448177656,0.07315548667971668,0.054446234633246354,0.310414947963922
quantum,gpc,4,pauli_xz_r1_full__as2__gpc__d4,pauli_xz_r1_full__as2,id_test,,,44.189486265182495,0.8898776418242491,0.8903642971016645,0.889868920739924,0.8908489525909592,0.9663428690253394,0.9638279594478844,0.24132906896733852,0.07238576978850336,0.05920802991831176,0.31677590553404306
quantum,gpc,4,pauli_xz_r1_full__as2__gpc__d4,pauli_xz_r1_full__as2,ood_test,,,44.189486265182495,0.9105555555555556,0.9112668230645758,0.9102950512769954,0.915129151291513,0.8981256945301888,0.7827033622297388,0.28818051039919684,0.08195443334143852,0.07107181786805307,0.27812994929729007
quantum,svc,4,zmap_r2__as2__svc__d4,zmap_r2__as2,id_val,100.0,0.8872331901428522,0.35159993171691895,0.9034406215316315,0.9034271828389475,0.90341016209822,0.9016949152542373,0.9673892684273308,0.9605115725722655,,,,
quantum,svc,4,zmap_r2__as2__svc__d4,zmap_r2__as2,id_test,100.0,0.8872331901428522,0.35159993171691895,0.9010011123470523,0.9009446573389182,0.9009614087292992,0.8989784335981839,0.9652090821772668,0.9577286497251691,,,,
quantum,svc,4,zmap_r2__as2__svc__d4,zmap_r2__as2,ood_test,100.0,0.8872331901428522,0.35159993171691895,0.9405555555555556,0.9406778614643783,0.9405555372084992,0.94058856191005,0.971028522039758,0.9621132436305352,,,,
quantum,gpc,4,zmap_r2__as2__gpc__d4,zmap_r2__as2,id_val,,,32.64295291900635,0.8901220865704772,0.8902714932126696,0.8901134234364085,0.8891377379619261,0.9619278581216297,0.9557464033879645,0.252767521774651,0.07504653353035524,0.05484169543106072,0.3312997881155849
quantum,gpc,4,zmap_r2__as2__gpc__d4,zmap_r2__as2,id_test,,,32.64295291900635,0.896551724137931,0.8966199289031479,0.8965332891120305,0.895152198421646,0.964372357385458,0.9597630779783882,0.246991820497156,0.07342480849427008,0.051279075740138014,0.32640417215958
quantum,gpc,4,zmap_r2__as2__gpc__d4,zmap_r2__as2,ood_test,,,32.64295291900635,0.8916666666666667,0.8919928386220521,0.8916256918124909,0.8937329700272479,0.9111976787257686,0.836817538645885,0.29764093969506666,0.08621035315430621,0.06694430616254726,0.2948648362099725
classical_ext,svc,6,linear__svc__d6,linear,id_val,10.0,0.8297145429150131,0.4003782272338867,0.8668146503884573,0.8676051617228088,0.8667278052243883,0.8701298701298701,0.8958093041138024,0.8229006167771045,,,,
classical_ext,svc,6,linear__svc__d6,linear,id_test,10.0,0.8297145429150131,0.4003782272338867,0.8520578420467185,0.8527834714671895,0.8519845853124718,0.8552774755168662,0.8902553743477011,0.815890210686027,,,,
classical_ext,svc,6,linear__svc__d6,linear,ood_test,10.0,0.8297145429150131,0.4003782272338867,0.7216666666666667,0.720292628719595,0.7167563228073349,0.6794625719769674,0.8456031608840597,0.7176432912356632,,,,
classical_ext,gpc,6,linear__gpc__d6,linear,id_val,,,33.97139525413513,0.8590455049944506,0.8595190212837271,0.8590343916810494,0.8602860286028603,0.9413834915565018,0.9376197379385871,0.35165279429419444,0.10420578400389467,0.11746887251185967,0.4772307262185093
classical_ext,gpc,6,linear__gpc__d6,linear,id_test,,,33.97139525413513,0.8553948832035595,0.8558902454722792,0.855380389051131,0.8568281938325991,0.9386467833130341,0.9400332010633174,0.3648268166051502,0.10951431979404615,0.11368164644990783,0.49163439803761766
classical_ext,gpc,6,linear__gpc__d6,linear,ood_test,,,33.97139525413513,0.6622222222222223,0.6607235461168045,0.6552488861111672,0.6062176165803109,0.7523558464007901,0.6400317127326204,0.6429865661439126,0.22598106793550635,0.16808798249484108,0.42517993416062566
classical_ext,svc,6,rbf_gscale__svc__d6,rbf_gscale,id_val,100.0,0.8941759462405653,0.2291107177734375,0.9078801331853497,0.9082034523210993,0.9078801331853497,0.9078801331853497,0.9685130965407782,0.950381890705793,,,,
classical_ext,svc,6,rbf_gscale__svc__d6,rbf_gscale,id_test,100.0,0.8941759462405653,0.2291107177734375,0.9065628476084538,0.906739842953193,0.9065571823122383,0.905829596412556,0.9575102238857698,0.92618238597615,,,,
classical_ext,svc,6,rbf_gscale__svc__d6,rbf_gscale,ood_test,100.0,0.8941759462405653,0.2291107177734375,0.915,0.9156253858501049,0.914818884968688,0.9187466808284652,0.9835399432028645,0.9810842562372353,,,,
classical_ext,gpc,6,rbf_gscale__gpc__d6,rbf_gscale,id_val,,,35.77690005302429,0.8912319644839067,0.892617730853025,0.8908823529411765,0.8970588235294118,0.9668470706532991,0.9637864195878159,0.23033654758081026,0.07023451100232005,0.05238421942852212,0.30435286649009896
classical_ext,gpc,6,rbf_gscale__gpc__d6,rbf_gscale,id_test,,,35.77690005302429,0.8843159065628476,0.8857474576439017,0.8839124302203152,0.8907563025210085,0.9691847626969275,0.9669056888327335,0.2297226445222649,0.07002882856112133,0.05687459657554069,0.3111071649443029
classical_ext,gpc,6,rbf_gscale__gpc__d6,rbf_gscale,ood_test,,,35.77690005302429,0.9138888888888889,0.9146499567847882,0.9135948714375305,0.9186351706036745,0.8798110877886158,0.742852729709654,0.3011424598406721,0.08486061120933076,0.10174477762435075,0.30045839231891985
classical_ext,svc,6,poly2__svc__d6,poly2,id_val,10.0,0.889074250389811,0.20470595359802246,0.8845726970033296,0.8866683425506955,0.8835361730899256,0.8945233265720081,0.9585514447106144,0.9354786309836227,,,,
classical_ext,svc,6,poly2__svc__d6,poly2,id_test,10.0,0.889074250389811,0.20470595359802246,0.8832035595105673,0.8853711790393013,0.8820736154471758,0.8936170212765957,0.9584657735000842,0.9304656310590186,,,,
classical_ext,svc,6,poly2__svc__d6,poly2,ood_test,10.0,0.889074250389811,0.20470595359802246,0.9216666666666666,0.9225151253241141,0.92132279385301,0.9265242313705054,0.949874058525744,0.9288252520384721,,,,
classical_ext,gpc,6,poly2__gpc__d6,poly2,id_val,,,36.102938175201416,0.8856825749167592,0.8875900787665494,0.884863372724171,0.8945752302968271,0.957496623586589,0.9544018520992614,0.2809327586268318,0.08236143966745416,0.0877989762122722,0.40038871577020313
classical_ext,gpc,6,poly2__gpc__d6,poly2,id_test,,,36.102938175201416,0.8854282536151279,0.8873862499876224,0.884559235124053,0.8945752302968271,0.9546534771113686,0.9521475511625215,0.28555267827253555,0.08413339074434449,0.09375038441107425,0.4081245817944484
classical_ext,gpc,6,poly2__gpc__d6,poly2,ood_test,,,36.102938175201416,0.7383333333333333,0.737887393505371,0.7377206195584686,0.7250437828371279,0.8402234843807878,0.7245928776639909,0.43286574379549736,0.14411194890070497,0.19304076130553416,0.41755821994712744
classical_ext,svc,6,poly3__svc__d6,poly3,id_val,10.0,0.889074250389811,0.22801685333251953,0.8845726970033296,0.8866264454499748,0.8835847893931261,0.8943089430894309,0.9681779197350131,0.9584603949660949,,,,
classical_ext,svc,6,poly3__svc__d6,poly3,id_test,10.0,0.889074250389811,0.22801685333251953,0.8832035595105673,0.8853711790393013,0.8820736154471758,0.8936170212765957,0.9667191476299398,0.9529587231248151,,,,
classical_ext,svc,6,poly3__svc__d6,poly3,ood_test,10.0,0.889074250389811,0.22801685333251953,0.9211111111111111,0.9219533275713051,0.9207706204069588,0.9259645464025026,0.9618051611310038,0.9521527254147405,,,,
classical_ext,gpc,6,poly3__gpc__d6,poly3,id_val,,,32.72978615760803,0.8856825749167592,0.8877576671694318,0.8846802403245748,0.8954314720812183,0.962297538422106,0.9593856038838334,0.25852568229939676,0.07605879130176257,0.06976836056705321,0.3702537174349259
classical_ext,gpc,6,poly3__gpc__d6,poly3,id_test,,,32.72978615760803,0.8854282536151279,0.8875545851528384,0.8843701025842746,0.8954314720812183,0.9642931408371209,0.9618565575544753,0.260687344128694,0.07672835364515504,0.07107177715962906,0.3781507738252884
classical_ext,gpc,6,poly3__gpc__d6,poly3,ood_test,,,32.72978615760803,0.8888888888888888,0.8895542659587603,0.8886104149262044,0.8941798941798942,0.8707717002099024,0.7464866717308936,0.3797542768157777,0.11822530993756158,0.16192923398608217,0.3905054176538388
classical_ext,svc,6,laplacian_med__svc__d6,laplacian_med,id_val,10.0,0.8984595693694948,0.18033289909362793,0.9078801331853497,0.9079520697167756,0.9078637897535535,0.906636670416198,0.9668076380879149,0.9588301383959348,,,,
classical_ext,svc,6,laplacian_med__svc__d6,laplacian_med,id_test,10.0,0.8984595693694948,0.18033289909362793,0.9098998887652948,0.9100570359148026,0.9098927533326651,0.9090909090909091,0.9599411817128599,0.9389295354339487,,,,
classical_ext,svc,6,laplacian_med__svc__d6,laplacian_med,ood_test,10.0,0.8984595693694948,0.18033289909362793,0.9405555555555556,0.9409371527349055,0.9405216124881144,0.9419424850786761,0.9810816150141992,0.9729221087840622,,,,
classical_ext,gpc,6,laplacian_med__gpc__d6,laplacian_med,id_val,,,40.33394122123718,0.8901220865704772,0.8911513323278029,0.8899653979238755,0.8941176470588236,0.9698291584104732,0.967540190102033,0.2260283786607251,0.06834055442991584,0.04544955693291968,0.30888779790400595
classical_ext,gpc,6,laplacian_med__gpc__d6,laplacian_med,id_test,,,40.33394122123718,0.8943270300333704,0.8953623661982988,0.8941756655452917,0.8981779206859593,0.9700561447286338,0.9666734839174825,0.22714668521039183,0.06821975441638184,0.05308864831809826,0.31466512544536573
classical_ext,gpc,6,laplacian_med__gpc__d6,laplacian_med,ood_test,,,40.33394122123718,0.9127777777777778,0.9136127917026793,0.9124077003115942,0.9181011997913406,0.9176392147178664,0.8488045884885873,0.2748967361016924,0.07983882767605714,0.07835547875305239,0.3001571820231335
classical_ext,svc,6,matern15_med__svc__d6,matern15_med,id_val,10.0,0.8919353948475942,0.1725449562072754,0.9012208657047724,0.9021702698173286,0.9011112330605092,0.9044038668098818,0.9671329567523338,0.9449908539008606,,,,
classical_ext,svc,6,matern15_med__svc__d6,matern15_med,id_test,10.0,0.8919353948475942,0.1725449562072754,0.8932146829810901,0.8941023279763143,0.8931182753086175,0.896328293736501,0.9649021180524611,0.9400531897252632,,,,
classical_ext,svc,6,matern15_med__svc__d6,matern15_med,ood_test,10.0,0.8919353948475942,0.1725449562072754,0.9105555555555556,0.9112791702679344,0.9102841651551499,0.9152185360716166,0.98010989010989,0.9790853866131665,,,,
classical_ext,gpc,6,matern15_med__gpc__d6,matern15_med,id_val,,,42.33121204376221,0.8901220865704772,0.8917378917378918,0.8895993227362347,0.897196261682243,0.9661077100523467,0.9621984017372408,0.2343658942117509,0.0709923458707021,0.05143265265620201,0.3148287352829314
classical_ext,gpc,6,matern15_med__gpc__d6,matern15_med,id_test,,,42.33121204376221,0.8787541713014461,0.880415193733971,0.8781365617674308,0.8868120456905504,0.9678776896493678,0.9649517853495966,0.23414126153227796,0.07094557469431677,0.05684038980077781,0.32162732330360116
classical_ext,gpc,6,matern15_med__gpc__d6,matern15_med,ood_test,,,42.33121204376221,0.9155555555555556,0.916384738856649,0.9152033878973911,0.9206680584551148,0.8876589702432399,0.7564634741437364,0.30418432248450916,0.08663864023165628,0.112769235304741,0.3156811429382063
classical_ext,svc,6,matern25_med__svc__d6,matern25_med,id_val,100.0,0.8932131473278966,0.23652863502502441,0.9034406215316315,0.9039299480475951,0.9034330084744197,0.9042904290429042,0.9654422855114898,0.9403992357579554,,,,
classical_ext,svc,6,matern25_med__svc__d6,matern25_med,id_test,100.0,0.8932131473278966,0.23652863502502441,0.9032258064516129,0.9035909851567993,0.9032253274882238,0.9034406215316315,0.9633672974284329,0.9381068187648232,,,,
classical_ext,svc,6,matern25_med__svc__d6,matern25_med,ood_test,100.0,0.8932131473278966,0.23652863502502441,0.9111111111111111,0.911803926410668,0.9108680339345202,0.9155227032734953,0.9815977281145819,0.9788249710823733,,,,
classical_ext,gpc,6,matern25_med__gpc__d6,matern25_med,id_val,,,43.73862314224243,0.8901220865704772,0.8919054801407743,0.8894548401848554,0.898043254376931,0.9649000877374581,0.9616242939447313,0.2377548753851431,0.07188899760273122,0.052302264049520486,0.321100521558183
classical_ext,gpc,6,matern25_med__gpc__d6,matern25_med,id_test,,,43.73862314224243,0.8809788654060067,0.8827248512214201,0.880293985517256,0.889348500517063,0.9674915089762253,0.9649710063265151,0.23760427971335008,0.07184519239033436,0.05917461607237863,0.328349645116049
classical_ext,gpc,6,matern25_med__gpc__d6,matern25_med,ood_test,,,43.73862314224243,0.9161111111111111,0.9169341894060995,0.915767290870916,0.9211488250652742,0.8812878133102853,0.746375192752527,0.3146315745855416,0.08990267853427464,0.1159603294559901,0.326004969875541
classical_ext,svc,6,rbf_gscale_x0.1__svc__d6,rbf_gscale_x0.1,id_val,10.0,0.889074250389811,0.15581560134887695,0.8845726970033296,0.8866683425506955,0.8835361730899256,0.8945233265720081,0.9540906357515354,0.9212924564479196,,,,
classical_ext,svc,6,rbf_gscale_x0.1__svc__d6,rbf_gscale_x0.1,id_test,10.0,0.889074250389811,0.15581560134887695,0.8832035595105673,0.8853711790393013,0.8820736154471758,0.8936170212765957,0.9588222479676006,0.928414374019938,,,,
classical_ext,svc,6,rbf_gscale_x0.1__svc__d6,rbf_gscale_x0.1,ood_test,10.0,0.889074250389811,0.15581560134887695,0.9216666666666666,0.9225151253241141,0.92132279385301,0.9265242313705054,0.9068526978639337,0.8502944741430637,,,,
classical_ext,gpc,6,rbf_gscale_x0.1__gpc__d6,rbf_gscale_x0.1,id_val,,,36.61482906341553,0.8723640399556049,0.8740992123345064,0.8716328636717845,0.8813209494324046,0.9554461301866146,0.9523947283229737,0.3023096197014998,0.0890665492803992,0.11234506717997558,0.4254427613365613
classical_ext,gpc,6,rbf_gscale_x0.1__gpc__d6,rbf_gscale_x0.1,id_test,,,36.61482906341553,0.8709677419354839,0.8726049371713751,0.8703309492783178,0.8794178794178794,0.9519898206735388,0.9499694774551022,0.31033869623215804,0.0924699298308145,0.11741791924546935,0.43252863062845304
classical_ext,gpc,6,rbf_gscale_x0.1__gpc__d6,rbf_gscale_x0.1,ood_test,,,36.61482906341553,0.705,0.7041795283368317,0.7030193037452566,0.6787658802177858,0.8397197184837634,0.7259297402163996,0.45930201360704853,0.1554324158795033,0.20698449381457446,0.44074474672465813
classical_ext,svc,6,rbf_gscale_x0.3__svc__d6,rbf_gscale_x0.3,id_val,100.0,0.8908749706779264,0.2485044002532959,0.9012208657047724,0.9024216524216524,0.901005756527171,0.9056203605514316,0.967778665010499,0.9515395807097743,,,,
classical_ext,svc,6,rbf_gscale_x0.3__svc__d6,rbf_gscale_x0.3,id_test,100.0,0.8908749706779264,0.2485044002532959,0.8909899888765295,0.8922555921932092,0.8907161711586552,0.8961864406779662,0.959451029320025,0.9318969084879514,,,,
classical_ext,svc,6,rbf_gscale_x0.3__svc__d6,rbf_gscale_x0.3,ood_test,100.0,0.8908749706779264,0.2485044002532959,0.9105555555555556,0.9112174342511421,0.9103363500706512,0.9147697194282689,0.9787554019014693,0.976235857413056,,,,
classical_ext,gpc,6,rbf_gscale_x0.3__gpc__d6,rbf_gscale_x0.3,id_val,,,38.52090120315552,0.8845726970033296,0.8866683425506955,0.8835361730899256,0.8945233265720081,0.9614694545490393,0.958637284058958,0.2538120867504406,0.07558425293601484,0.06407578459631583,0.35586629314059626
classical_ext,gpc,6,rbf_gscale_x0.3__gpc__d6,rbf_gscale_x0.3,id_test,,,38.52090120315552,0.8832035595105673,0.8853711790393013,0.8820736154471758,0.8936170212765957,0.9629316064125796,0.9607266823482005,0.2556792330333563,0.07616845001383633,0.06663820255424488,0.3639598460427268
classical_ext,gpc,6,rbf_gscale_x0.3__gpc__d6,rbf_gscale_x0.3,ood_test,,,38.52090120315552,0.9083333333333333,0.9091431040869243,0.9079706410851904,0.9137480397281756,0.8766958883812817,0.7512864750834334,0.35367824850582175,0.10686439531232851,0.15755372510262455,0.3707652299622628
classical_ext,svc,6,rbf_gscale_x3__svc__d6,rbf_gscale_x3,id_val,100.0,0.8980618293177589,0.26793432235717773,0.9089900110987791,0.9090832914362326,0.9089764439187857,0.9078651685393259,0.9657232425398516,0.9458866301189898,,,,
classical_ext,svc,6,rbf_gscale_x3__svc__d6,rbf_gscale_x3,id_test,100.0,0.8980618293177589,0.26793432235717773,0.9121245828698554,0.9121141906544277,0.9120967392582415,0.9105322763306908,0.958460822465813,0.9344831832407273,,,,
classical_ext,svc,6,rbf_gscale_x3__svc__d6,rbf_gscale_x3,ood_test,100.0,0.8980618293177589,0.26793432235717773,0.935,0.9351216199530806,0.9349999799382653,0.9350360910605219,0.9815841461908877,0.9764824076864898,,,,
classical_ext,gpc,6,rbf_gscale_x3__gpc__d6,rbf_gscale_x3,id_val,,,42.79811692237854,0.8845726970033296,0.8857885034355623,0.8843091936312275,0.8898305084745762,0.9686708268023148,0.9648775482403779,0.22259638181926944,0.0677746364411943,0.042003950563757955,0.2947882018983603
classical_ext,gpc,6,rbf_gscale_x3__gpc__d6,rbf_gscale_x3,id_test,,,42.79811692237854,0.8843159065628476,0.8855370386873818,0.8840506379347977,0.8895966029723992,0.9694075592391251,0.9661103987810398,0.22242973342980493,0.06776899968450015,0.04009764227753327,0.29947731327706795
classical_ext,gpc,6,rbf_gscale_x3__gpc__d6,rbf_gscale_x3,ood_test,,,42.79811692237854,0.9127777777777778,0.9135634028892456,0.9124567588741308,0.9177579884756417,0.9117113223854796,0.8067841043255416,0.2759897784114198,0.07899126247996967,0.07720107356110743,0.2746174863624259
classical_ext,svc,6,rbf_gscale_x10__svc__d6,rbf_gscale_x10,id_val,100.0,0.8990972461100665,0.3062779903411865,0.9123196448390677,0.9121836768895593,0.9122673381674486,0.9101251422070534,0.9598231449442522,0.9510068913505001,,,,
classical_ext,svc,6,rbf_gscale_x10__svc__d6,rbf_gscale_x10,id_test,100.0,0.8990972461100665,0.3062779903411865,0.9065628476084538,0.9063610888314568,0.9064905346369877,0.9038901601830663,0.9421026052342334,0.9202704051788972,,,,
classical_ext,svc,6,rbf_gscale_x10__svc__d6,rbf_gscale_x10,ood_test,100.0,0.8990972461100665,0.3062779903411865,0.9372222222222222,0.9372576861340907,0.9372189475315225,0.9367655288192501,0.9679454253611557,0.9695711257558767,,,,
classical_ext,gpc,6,rbf_gscale_x10__gpc__d6,rbf_gscale_x10,id_val,,,41.42914175987244,0.9001109877913429,0.9009133567957097,0.9000458539182913,0.9025974025974026,0.9712438016936287,0.9671134922997426,0.21916695555230997,0.06567022939645108,0.040072212072091065,0.3009700383026945
classical_ext,gpc,6,rbf_gscale_x10__gpc__d6,rbf_gscale_x10,id_test,,,41.42914175987244,0.8943270300333704,0.8949415282852587,0.8943013966497733,0.895947426067908,0.9705512481557398,0.9657702074706013,0.22120783265520985,0.06619059877363007,0.04709074240665207,0.3041539985859933
classical_ext,gpc,6,rbf_gscale_x10__gpc__d6,rbf_gscale_x10,ood_test,,,41.42914175987244,0.9166666666666666,0.9174095567353995,0.9163982120364281,0.9211356466876972,0.9374638844301765,0.8983888646461469,0.26034760284059,0.07597764484657459,0.05789948122770772,0.27790681284895863
classical_ext,svc,6,laplacian_med_x0.1__svc__d6,laplacian_med_x0.1,id_val,10.0,0.9027870136326891,0.31914567947387695,0.9134295227524972,0.9132311044075749,0.913362821385248,0.910958904109589,0.9683405790672227,0.9630846054294047,,,,
classical_ext,svc,6,laplacian_med_x0.1__svc__d6,laplacian_med_x0.1,id_test,10.0,0.9027870136326891,0.31914567947387695,0.9054505005561735,0.9051431344007763,0.9053450943328449,0.9021864211737629,0.9537919971482044,0.9346235287896522,,,,
classical_ext,svc,6,laplacian_med_x0.1__svc__d6,laplacian_med_x0.1,ood_test,10.0,0.9027870136326891,0.31914567947387695,0.9355555555555556,0.9355352512655883,0.9355459272311049,0.9347581552305961,0.9795925422891715,0.9679069832827462,,,,
classical_ext,gpc,6,laplacian_med_x0.1__gpc__d6,laplacian_med_x0.1,id_val,,,42.27265191078186,0.9078801331853497,0.9081615552203788,0.9078796792794257,0.9076751946607341,0.9759214897623203,0.9739871617900089,0.22600385521656763,0.06475817052833856,0.05991329227424657,0.3421260192814347
classical_ext,gpc,6,laplacian_med_x0.1__gpc__d6,laplacian_med_x0.1,id_test,,,42.27265191078186,0.9110122358175751,0.9113591579280912,0.9110121257114576,0.9111111111111111,0.9723237184247789,0.9677396428108769,0.234395309524587,0.06735873672315087,0.0643409676912457,0.3433695569502726
classical_ext,gpc,6,laplacian_med_x0.1__gpc__d6,laplacian_med_x0.1,ood_test,,,42.27265191078186,0.9183333333333333,0.9190208667736757,0.9181147451948117,0.9223454833597464,0.9659612297814546,0.951148640927442,0.2388008463786981,0.06768288445285513,0.07379913175154587,0.3458638532539494
classical_ext,svc,6,laplacian_med_x0.3__svc__d6,laplacian_med_x0.3,id_val,10.0,0.9033344687428622,0.22120285034179688,0.9145394006659268,0.9144880174291938,0.9145052786462217,0.912797281993205,0.9670294462682005,0.9588674536767584,,,,
classical_ext,svc,6,laplacian_med_x0.3__svc__d6,laplacian_med_x0.3,id_test,10.0,0.9033344687428622,0.22120285034179688,0.9110122358175751,0.9109383200150512,0.9109724697959992,0.9090909090909091,0.9548366653793977,0.9389391771291504,,,,
classical_ext,svc,6,laplacian_med_x0.3__svc__d6,laplacian_med_x0.3,ood_test,10.0,0.9033344687428622,0.22120285034179688,0.9488888888888889,0.9490060501296456,0.9488888888888889,0.9488888888888889,0.9786874922829978,0.9702647915384194,,,,
classical_ext,gpc,6,laplacian_med_x0.3__gpc__d6,laplacian_med_x0.3,id_val,,,40.48141932487488,0.8967813540510544,0.8972264119322942,0.8967767765301535,0.8974641675854466,0.9743639034296474,0.9723479374082917,0.21376608280298828,0.06373702018505437,0.05412750439294511,0.30133403571718576
classical_ext,gpc,6,laplacian_med_x0.3__gpc__d6,laplacian_med_x0.3,id_test,,,40.48141932487488,0.9076751946607341,0.9082103001316975,0.9076637697515533,0.9086908690869087,0.9724474942815554,0.968285047349272,0.21883486243316558,0.06498918373909426,0.04680844590110222,0.30425442474595227
classical_ext,gpc,6,laplacian_med_x0.3__gpc__d6,laplacian_med_x0.3,ood_test,,,40.48141932487488,0.9155555555555556,0.9163353500432152,0.9152504572014809,0.9203354297693921,0.9580429682676872,0.9390924128344489,0.24125050135389173,0.07112627873007824,0.06914132041745606,0.2919518456047288
classical_ext,svc,6,laplacian_med_x3__svc__d6,laplacian_med_x3,id_val,100.0,0.8990147993382545,0.19315648078918457,0.9056603773584906,0.905647729177141,0.9056306181419391,0.903954802259887,0.9653042715326452,0.9539817955536258,,,,
classical_ext,svc,6,laplacian_med_x3__svc__d6,laplacian_med_x3,id_test,100.0,0.8990147993382545,0.19315648078918457,0.9132369299221357,0.9132900612938042,0.9132187834145182,0.9119638826185101,0.9604808444484053,0.9336824411953542,,,,
classical_ext,svc,6,laplacian_med_x3__svc__d6,laplacian_med_x3,ood_test,100.0,0.8990147993382545,0.19315648078918457,0.94,0.94019014693172,0.9399973332148095,0.9403973509933775,0.9809729596246449,0.973219877854042,,,,
classical_ext,gpc,6,laplacian_med_x3__gpc__d6,laplacian_med_x3,id_val,,,35.23012924194336,0.8823529411764706,0.8842383107088989,0.8815320724010638,0.8913934426229508,0.961661688305287,0.9582606601915106,0.2464369805260851,0.0738639079524445,0.05605004549019368,0.3407630310798788
classical_ext,gpc,6,laplacian_med_x3__gpc__d6,laplacian_med_x3,id_test,,,35.23012924194336,0.8832035595105673,0.8851607600827813,0.8823176668740347,0.8925281473899693,0.9648278525383953,0.9615774608121989,0.24609737966804446,0.07323633786095822,0.056108104164178135,0.348809260201846
classical_ext,gpc,6,laplacian_med_x3__gpc__d6,laplacian_med_x3,ood_test,,,35.23012924194336,0.9088888888888889,0.9097419434498086,0.9084821428571428,0.9145833333333333,0.8857278676379798,0.7569636857359671,0.30961661989485856,0.09014757138004541,0.1162967683302816,0.34248317098211134
classical_ext,svc,6,laplacian_med_x10__svc__d6,laplacian_med_x10,id_val,100.0,0.8966269423925706,0.16399121284484863,0.8967813540510544,0.8968493380258087,0.8967630415310901,0.8953880764904387,0.961962361616341,0.9442768209017482,,,,
classical_ext,svc,6,laplacian_med_x10__svc__d6,laplacian_med_x10,id_test,100.0,0.8966269423925706,0.16399121284484863,0.9110122358175751,0.9112749903454832,0.9110112448527082,0.9107142857142857,0.9616740437077306,0.9388414504274409,,,,
classical_ext,svc,6,laplacian_med_x10__svc__d6,laplacian_med_x10,ood_test,100.0,0.8966269423925706,0.16399121284484863,0.9266666666666666,0.9272132362020002,0.9265555933356002,0.9294117647058824,0.9769317199654277,0.9680804910240759,,,,
classical_ext,gpc,6,laplacian_med_x10__gpc__d6,laplacian_med_x10,id_val,,,32.78090977668762,0.8845726970033296,0.8866683425506955,0.8835361730899256,0.8945233265720081,0.9538244659351925,0.9478011728156506,0.27674925813868634,0.08007211591197749,0.0891476344572673,0.40552782428098993
classical_ext,gpc,6,laplacian_med_x10__gpc__d6,laplacian_med_x10,id_test,,,32.78090977668762,0.8832035595105673,0.8853711790393013,0.8820736154471758,0.8936170212765957,0.9571487983839825,0.952015763681587,0.27834717658659835,0.08023765715962256,0.07923771537020918,0.41440646105129625
classical_ext,gpc,6,laplacian_med_x10__gpc__d6,laplacian_med_x10,ood_test,,,32.78090977668762,0.8916666666666667,0.8923138659093716,0.8914129953586016,0.8966613672496025,0.8805395727867638,0.7535369083864384,0.35705155248554604,0.10787432963740823,0.11958385290044274,0.4161332217332117
classical_ext,svc,6,matern15_med_x0.1__svc__d6,matern15_med_x0.1,id_val,10.0,0.9083464787980657,0.21944308280944824,0.9100998890122086,0.9101307189542484,0.9100781784242334,0.9086809470124013,0.9567424757736177,0.948566935641902,,,,
classical_ext,svc,6,matern15_med_x0.1__svc__d6,matern15_med_x0.1,id_test,10.0,0.9083464787980657,0.21944308280944824,0.899888765294772,0.8998108704908455,0.8998440285204992,0.8977272727272727,0.9472962401845746,0.9328109508807841,,,,
classical_ext,svc,6,matern15_med_x0.1__svc__d6,matern15_med_x0.1,ood_test,10.0,0.9083464787980657,0.21944308280944824,0.9316666666666666,0.9317631806395852,0.9316664768513245,0.9315525876460768,0.9732892949746883,0.9670144823987759,,,,
classical_ext,gpc,6,matern15_med_x0.1__gpc__d6,matern15_med_x0.1,id_val,,,44.810879707336426,0.9012208657047724,0.9015418133065192,0.9012208657047724,0.9012208657047724,0.9727126647541873,0.9691035859165598,0.22801610025176292,0.06592623855657236,0.07441130645469093,0.3352211240800534
classical_ext,gpc,6,matern15_med_x0.1__gpc__d6,matern15_med_x0.1,id_test,,,44.810879707336426,0.9098998887652948,0.9103937062452346,0.9098927533326651,0.9106945975744212,0.9706007584984503,0.9633736651434593,0.2326648221007974,0.06721248939883497,0.059884373418333546,0.33565369826188063
classical_ext,gpc,6,matern15_med_x0.1__gpc__d6,matern15_med_x0.1,ood_test,,,44.810879707336426,0.9116666666666666,0.9123286825534016,0.9114501842312641,0.9158284806776072,0.9552821335967404,0.9338157851651371,0.2520078279026531,0.07301806108772486,0.05871806535451402,0.3309065422370131
classical_ext,svc,6,matern15_med_x0.3__svc__d6,matern15_med_x0.3,id_val,100.0,0.9087888892647905,0.2279651165008545,0.9100998890122086,0.9100469247528071,0.9100639944200514,0.9082672706681767,0.9627165094293122,0.956127565374264,,,,
classical_ext,svc,6,matern15_med_x0.3__svc__d6,matern15_med_x0.3,id_test,100.0,0.9087888892647905,0.2279651165008545,0.9043381535038932,0.9042197665092238,0.9042859265128256,0.9020501138952164,0.9476081553436513,0.9298689775970533,,,,
classical_ext,svc,6,matern15_med_x0.3__svc__d6,matern15_med_x0.3,ood_test,100.0,0.9087888892647905,0.2279651165008545,0.9344444444444444,0.9344610445734041,0.9344392643369352,0.9338565022421524,0.9750450672922583,0.9720478304567611,,,,
classical_ext,gpc,6,matern15_med_x0.3__gpc__d6,matern15_med_x0.3,id_val,,,41.02179932594299,0.8912319644839067,0.8920730685436568,0.8911481602019784,0.8941684665226782,0.9701840514989304,0.9657806870488828,0.21936701702549663,0.06617641104464456,0.038810949696500945,0.297848397402739
classical_ext,gpc,6,matern15_med_x0.3__gpc__d6,matern15_med_x0.3,id_test,,,41.02179932594299,0.8921023359288098,0.8928002059630257,0.8920590634465395,0.8942202835332607,0.9706304647040767,0.9660842500752224,0.2202186062792255,0.06627593753647504,0.045603854354528045,0.30079761863019927
classical_ext,gpc,6,matern15_med_x0.3__gpc__d6,matern15_med_x0.3,ood_test,,,41.02179932594299,0.9155555555555556,0.9163230028398568,0.9152616914707918,0.9202518363064008,0.933188047907149,0.8779471871334202,0.2628450507596568,0.07657969097994975,0.055880297194559475,0.27936365509556016
classical_ext,svc,6,matern15_med_x3__svc__d6,matern15_med_x3,id_val,100.0,0.8904648066123002,0.18741202354431152,0.8990011098779135,0.9001592089827384,0.8988016553916868,0.9032943676939427,0.9675913603249243,0.9464848385037902,,,,
classical_ext,svc,6,matern15_med_x3__svc__d6,matern15_med_x3,id_test,100.0,0.8904648066123002,0.18741202354431152,0.8887652947719689,0.8900301022883681,0.8884858889374032,0.8940677966101694,0.9674568517363277,0.9459191638100095,,,,
classical_ext,svc,6,matern15_med_x3__svc__d6,matern15_med_x3,ood_test,100.0,0.8904648066123002,0.18741202354431152,0.9111111111111111,0.9117792320039511,0.9108883319409635,0.9153439153439153,0.9795678478824547,0.9794186448142583,,,,
classical_ext,gpc,6,matern15_med_x3__gpc__d6,matern15_med_x3,id_val,,,35.69055485725403,0.8834628190899001,0.8855371208312385,0.8824410216901006,0.8934010152284264,0.9555200662467097,0.9525625123961307,0.2807301971249783,0.08148175289907028,0.09243085468097936,0.4106030670000291
classical_ext,gpc,6,matern15_med_x3__gpc__d6,matern15_med_x3,id_test,,,35.69055485725403,0.8843159065628476,0.8864628820960698,0.8832222544190089,0.8945233265720081,0.9536682212914278,0.9512295864489911,0.28526665879578106,0.0832319573330111,0.08771005096633727,0.4180887038962509
classical_ext,gpc,6,matern15_med_x3__gpc__d6,matern15_med_x3,ood_test,,,35.69055485725403,0.8105555555555556,0.8109211013705395,0.8104473818546449,0.8149755832881173,0.8471515001852081,0.7276148169849063,0.40818264102149937,0.13111267174011948,0.16248407906322948,0.4299237113904961
classical_ext,svc,6,matern15_med_x10__svc__d6,matern15_med_x10,id_val,100.0,0.889074250389811,0.1818685531616211,0.8845726970033296,0.8866683425506955,0.8835361730899256,0.8945233265720081,0.9525231912775165,0.9086145197958615,,,,
classical_ext,svc,6,matern15_med_x10__svc__d6,matern15_med_x10,id_test,100.0,0.889074250389811,0.1818685531616211,0.8832035595105673,0.8853711790393013,0.8820736154471758,0.8936170212765957,0.9594510293200249,0.9218764850711735,,,,
classical_ext,svc,6,matern15_med_x10__svc__d6,matern15_med_x10,ood_test,100.0,0.889074250389811,0.1818685531616211,0.9216666666666666,0.9225151253241141,0.92132279385301,0.9265242313705054,0.930197555253735,0.8977167858128577,,,,
classical_ext,gpc,6,matern15_med_x10__gpc__d6,matern15_med_x10,id_val,,,24.245863437652588,0.8745837957824639,0.875523713759008,0.8744445992790735,0.878625134264232,0.9496840465698597,0.9492069936274474,0.39309128011925826,0.11595939496239083,0.15930555931878324,0.5583745510604599
classical_ext,gpc,6,matern15_med_x10__gpc__d6,matern15_med_x10,id_test,,,24.245863437652588,0.8587319243604005,0.8595861925556249,0.8586136652116033,0.8627027027027027,0.9425630514214419,0.9440655863320326,0.4051592618104838,0.12163971579799647,0.15302457614114365,0.561869404513224
classical_ext,gpc,6,matern15_med_x10__gpc__d6,matern15_med_x10,ood_test,,,24.245863437652588,0.6855555555555556,0.6845659958019509,0.6825895310624839,0.6519065190651907,0.8353821459439437,0.719315473800594,0.5419984914620837,0.18337973201673077,0.2559912070269917,0.567006437745434
classical_ext,svc,6,matern25_med_x0.1__svc__d6,matern25_med_x0.1,id_val,10.0,0.909969361453666,0.230330228805542,0.9100998890122086,0.9100888218535277,0.9100715302293774,0.9084745762711864,0.953361133291929,0.9496917956137102,,,,
classical_ext,svc,6,matern25_med_x0.1__svc__d6,matern25_med_x0.1,id_test,10.0,0.909969361453666,0.230330228805542,0.899888765294772,0.8997267029082375,0.8998231955546311,0.8972602739726028,0.9446919961579974,0.9260407923742514,,,,
classical_ext,svc,6,matern25_med_x0.1__svc__d6,matern25_med_x0.1,ood_test,10.0,0.909969361453666,0.230330228805542,0.9322222222222222,0.9323002839856773,0.9322214691274348,0.9319955406911928,0.9728015804420299,0.968422331449312,,,,
classical_ext,gpc,6,matern25_med_x0.1__gpc__d6,matern25_med_x0.1,id_val,,,45.20806169509888,0.902330743618202,0.9025892408245348,0.9023296607998108,0.9020044543429844,0.9723676298070763,0.9681627616655744,0.22796773121053926,0.06599615376654763,0.07378661845142065,0.3334479439570032
classical_ext,gpc,6,matern25_med_x0.1__gpc__d6,matern25_med_x0.1,id_test,,,45.20806169509888,0.9065628476084538,0.9070344294923209,0.9065571823122383,0.9072847682119205,0.9705264929843844,0.963555111557473,0.2319746048853738,0.06717338702255007,0.05915897538564138,0.33364093140264384
classical_ext,gpc,6,matern25_med_x0.1__gpc__d6,matern25_med_x0.1,ood_test,,,45.20806169509888,0.9094444444444445,0.9100814915421657,0.9092420598402302,0.9135278514588859,0.9543202864551179,0.9292009336524382,0.25285859279693157,0.07350201603467588,0.061818151258283854,0.3268537066614919
classical_ext,svc,6,matern25_med_x0.3__svc__d6,matern25_med_x0.3,id_val,100.0,0.9026240042665062,0.24724864959716797,0.9112097669256382,0.9110524551701022,0.9111518701495922,0.908883826879271,0.9678821754946322,0.9641050958954946,,,,
classical_ext,svc,6,matern25_med_x0.3__svc__d6,matern25_med_x0.3,id_test,100.0,0.9026240042665062,0.24724864959716797,0.9110122358175751,0.9109804038063551,0.9109804038063551,0.909297052154195,0.9487419421917238,0.9317440629663125,,,,
classical_ext,svc,6,matern25_med_x0.3__svc__d6,matern25_med_x0.3,ood_test,100.0,0.9026240042665062,0.24724864959716797,0.9338888888888889,0.933923941227312,0.9338854403208069,0.9334079462786794,0.9726929250524756,0.9721179063502416,,,,
classical_ext,gpc,6,matern25_med_x0.3__gpc__d6,matern25_med_x0.3,id_val,,,42.27928638458252,0.8923418423973363,0.8933299815652757,0.8922058716515144,0.8960342979635584,0.9700558956614319,0.9658703273593946,0.21996315632116542,0.06651133571947052,0.039600009398744127,0.296700749462837
classical_ext,gpc,6,matern25_med_x0.3__gpc__d6,matern25_med_x0.3,id_test,,,42.27928638458252,0.8898776418242491,0.8906588836407926,0.8898116543294248,0.8925081433224755,0.9704175702304212,0.9661432686022702,0.22072018717084693,0.06663799212278482,0.048851104915933724,0.30024808161228683
classical_ext,gpc,6,matern25_med_x0.3__gpc__d6,matern25_med_x0.3,ood_test,,,42.27928638458252,0.9138888888888889,0.9146623039881467,0.9135835240019439,0.918720503408495,0.9281244598098531,0.8628973980716581,0.26566811269981017,0.07703710340524303,0.06796014907329914,0.2760508223250027
classical_ext,svc,6,matern25_med_x3__svc__d6,matern25_med_x3,id_val,10.0,0.889074250389811,0.21265959739685059,0.8845726970033296,0.8866683425506955,0.8835361730899256,0.8945233265720081,0.9534350693520244,0.9181746704384911,,,,
classical_ext,svc,6,matern25_med_x3__svc__d6,matern25_med_x3,id_test,10.0,0.889074250389811,0.21265959739685059,0.8832035595105673,0.8853711790393013,0.8820736154471758,0.8936170212765957,0.9589856320985454,0.9251411244653599,,,,
classical_ext,svc,6,matern25_med_x3__svc__d6,matern25_med_x3,ood_test,10.0,0.889074250389811,0.21265959739685059,0.9216666666666666,0.9225151253241141,0.92132279385301,0.9265242313705054,0.9085714285714287,0.8561528227907389,,,,
classical_ext,gpc,6,matern25_med_x3__gpc__d6,matern25_med_x3,id_val,,,33.567920446395874,0.8701442841287459,0.8717529746941513,0.869526472324641,0.8785046728971962,0.9557517325683417,0.9527507918043008,0.3083649938859038,0.09018839875170628,0.12058518860762127,0.44019399519077596
classical_ext,gpc,6,matern25_med_x3__gpc__d6,matern25_med_x3,id_test,,,33.567920446395874,0.8676307007786429,0.8691614928358534,0.8670774330702987,0.8756530825496343,0.9522423234213628,0.95016651448584,0.31673804520253207,0.09378475550966528,0.12243986902048132,0.44686390842365464
classical_ext,gpc,6,matern25_med_x3__gpc__d6,matern25_med_x3,ood_test,,,33.567920446395874,0.6977777777777778,0.6968761575503148,0.695370831259333,0.6682926829268293,0.8392208914680825,0.7252862053299596,0.46562341581522887,0.15721005502969843,0.20451783126277354,0.45571386347735976
classical_ext,svc,6,matern25_med_x10__svc__d6,matern25_med_x10,id_val,100.0,0.8777828372728402,0.2780470848083496,0.8845726970033296,0.8866683425506955,0.8835361730899256,0.8945233265720081,0.8993533059277004,0.8401001849802929,,,,
classical_ext,svc,6,matern25_med_x10__svc__d6,matern25_med_x10,id_test,100.0,0.8777828372728402,0.2780470848083496,0.8832035595105673,0.8853711790393013,0.8820736154471758,0.8936170212765957,0.9088316549327154,0.8586362678912205,,,,
classical_ext,svc,6,matern25_med_x10__svc__d6,matern25_med_x10,ood_test,100.0,0.8777828372728402,0.2780470848083496,0.8911111111111111,0.8923076923076922,0.8900600307133882,0.9008097165991903,0.8667156439066551,0.7183347463127575,,,,
classical_ext,gpc,6,matern25_med_x10__gpc__d6,matern25_med_x10,id_val,,,26.341203689575195,0.8745837957824639,0.875523713759008,0.8744445992790735,0.878625134264232,0.9411518252348702,0.9441478802384149,0.4277541032141656,0.12861192125543672,0.21189455623194747,0.5924235204709637
classical_ext,gpc,6,matern25_med_x10__gpc__d6,matern25_med_x10,id_test,,,26.341203689575195,0.8576195773081201,0.8584944894988563,0.8574910337448234,0.8617710583153347,0.9279178920476486,0.9354719582390267,0.43980925077700145,0.13439332555511468,0.21333601051259843,0.5950062777857448
classical_ext,gpc,6,matern25_med_x10__gpc__d6,matern25_med_x10,ood_test,,,26.341203689575195,0.685,0.6840041980491418,0.6819941577409931,0.6510769230769231,0.8296209408568959,0.7144690264951001,0.5658245277975439,0.1920236367303044,0.22979697278139338,0.5993022845000807
quantum,svc,6,zz_r1_full__as0.5__svc__d6,zz_r1_full__as0.5,id_val,100.0,0.8969119049685339,0.3482851982116699,0.9067702552719201,0.9067370537958773,0.9067370537958773,0.9049773755656109,0.9601632508206903,0.9322604261494756,,,,
quantum,svc,6,zz_r1_full__as0.5__svc__d6,zz_r1_full__as0.5,id_test,100.0,0.8969119049685339,0.3482851982116699,0.8976640711902113,0.8975853805860045,0.8976183402653991,0.8954545454545455,0.941904563863391,0.9146598261473766,,,,
quantum,svc,6,zz_r1_full__as0.5__svc__d6,zz_r1_full__as0.5,ood_test,100.0,0.8969119049685339,0.3482851982116699,0.9227777777777778,0.9227126805778492,0.9227577281633905,0.9215132693393563,0.9741437214470923,0.9644025565765595,,,,
quantum,gpc,6,zz_r1_full__as0.5__gpc__d6,zz_r1_full__as0.5,id_val,,,36.80664896965027,0.8956714761376249,0.8963465728171611,0.8956343221049103,0.8976034858387799,0.9702629166296987,0.966477488380938,0.22846334379596467,0.0674688936098038,0.04830955305230176,0.323304756301738
quantum,gpc,6,zz_r1_full__as0.5__gpc__d6,zz_r1_full__as0.5,id_test,,,36.80664896965027,0.896551724137931,0.89695659923358,0.8965496761261345,0.8970099667774086,0.9694620206161066,0.9644189214248011,0.23102464260722472,0.06823530373416578,0.04844901758571753,0.32458430264926247
quantum,gpc,6,zz_r1_full__as0.5__gpc__d6,zz_r1_full__as0.5,ood_test,,,36.80664896965027,0.9033333333333333,0.90387702185455,0.9031869184878365,0.906951871657754,0.9363427583652303,0.89285339765346,0.271595936589958,0.07972390458790708,0.04883030705071629,0.3203122815972813
quantum,svc,6,zz_r2_full__as0.5__svc__d6,zz_r2_full__as0.5,id_val,100.0,0.8997435680030808,0.31542015075683594,0.9089900110987791,0.9089157030333501,0.9089495218377206,0.9070294784580499,0.963303068839401,0.9426585832094538,,,,
quantum,svc,6,zz_r2_full__as0.5__svc__d6,zz_r2_full__as0.5,id_test,100.0,0.8997435680030808,0.31542015075683594,0.8898776418242491,0.8898592916060164,0.8898427491970369,0.8878822197055493,0.9461327471308756,0.9149355440766032,,,,
quantum,svc,6,zz_r2_full__as0.5__svc__d6,zz_r2_full__as0.5,ood_test,100.0,0.8997435680030808,0.31542015075683594,0.9222222222222223,0.9219656747746635,0.9221357063403781,0.9195402298850575,0.9698975182121251,0.9660137546081401,,,,
quantum,gpc,6,zz_r2_full__as0.5__gpc__d6,zz_r2_full__as0.5,id_val,,,42.15541052818298,0.897891231964484,0.8981481481481481,0.8978900999270749,0.8975501113585747,0.9698143711984542,0.9652756915356773,0.24038519696802194,0.06962597020612822,0.0654502811780316,0.34976326384067613
quantum,gpc,6,zz_r2_full__as0.5__gpc__d6,zz_r2_full__as0.5,id_test,,,42.15541052818298,0.9043381535038932,0.9045564368396558,0.9043351943141098,0.9038031319910514,0.9682688213567814,0.9621791648747422,0.24258473692293359,0.07049669615307345,0.06128726649763261,0.34890407828924797
quantum,gpc,6,zz_r2_full__as0.5__gpc__d6,zz_r2_full__as0.5,ood_test,,,42.15541052818298,0.8955555555555555,0.8959995061118656,0.8954614708793469,0.8985976267529665,0.9460192616372392,0.912224438457334,0.27262943359414804,0.07911357268666276,0.06805158900643328,0.3558452369314913
quantum,svc,6,pauli_xz_r1_full__as0.5__svc__d6,pauli_xz_r1_full__as0.5,id_val,100.0,0.8941959542437665,0.24933266639709473,0.904550499445061,0.9049773755656109,0.9045475599180068,0.9050772626931567,0.9675322114768482,0.9485879121956453,,,,
quantum,svc,6,pauli_xz_r1_full__as0.5__svc__d6,pauli_xz_r1_full__as0.5,id_test,100.0,0.8941959542437665,0.24933266639709473,0.9043381535038932,0.9046406044222638,0.9043380351398169,0.9042316258351893,0.9601540761865153,0.9319971508950101,,,,
quantum,svc,6,pauli_xz_r1_full__as0.5__svc__d6,pauli_xz_r1_full__as0.5,ood_test,100.0,0.8941959542437665,0.24933266639709473,0.9188888888888889,0.9196197061365601,0.9186377708978328,0.9231578947368421,0.9841498950487714,0.9813307129000337,,,,
quantum,gpc,6,pauli_xz_r1_full__as0.5__gpc__d6,pauli_xz_r1_full__as0.5,id_val,,,41.007670402526855,0.8867924528301887,0.8880509468744764,0.8865093556736678,0.8921775898520085,0.9671280276816608,0.9640139568075956,0.22952596177228066,0.07007867619102283,0.05176006270317379,0.3023345570735498
quantum,gpc,6,pauli_xz_r1_full__as0.5__gpc__d6,pauli_xz_r1_full__as0.5,id_test,,,41.007670402526855,0.8843159065628476,0.8856632900612937,0.8839712087366592,0.890295358649789,0.9691798116626563,0.966984401482811,0.22923225250469229,0.06995095822532554,0.05973478942244652,0.30913039100934625
quantum,gpc,6,pauli_xz_r1_full__as0.5__gpc__d6,pauli_xz_r1_full__as0.5,ood_test,,,41.007670402526855,0.915,0.9157365106803309,0.9147315359253005,0.9195160441872698,0.8799530806272379,0.7430832884962015,0.3010373201380485,0.08461669858410946,0.1002769498456092,0.2982766921320374
quantum,svc,6,zmap_r2__as0.5__svc__d6,zmap_r2__as0.5,id_val,100.0,0.8966565936719515,0.2415759563446045,0.9112097669256382,0.9113876319758673,0.9112044072573889,0.9105145413870246,0.965535937854277,0.947464724221617,,,,
quantum,svc,6,zmap_r2__as0.5__svc__d6,zmap_r2__as0.5,id_test,100.0,0.8966565936719515,0.2415759563446045,0.9054505005561735,0.9053956371486003,0.9054125813706789,0.9035187287173666,0.9551634336412878,0.9270575357279579,,,,
quantum,svc,6,zmap_r2__as0.5__svc__d6,zmap_r2__as0.5,ood_test,100.0,0.8966565936719515,0.2415759563446045,0.9372222222222222,0.9375046302012594,0.937208094043382,0.9381499726327313,0.9824175824175825,0.9781151982758239,,,,
quantum,gpc,6,zmap_r2__as0.5__gpc__d6,zmap_r2__as0.5,id_val,,,37.4527907371521,0.8867924528301887,0.8880928439751969,0.8864835620905345,0.8924050632911392,0.9668519997239721,0.963288539455167,0.22648714180279356,0.06946874925962215,0.05343070850535702,0.2950819217658792
quantum,gpc,6,zmap_r2__as0.5__gpc__d6,zmap_r2__as0.5,id_test,,,37.4527907371521,0.8798665183537263,0.8812123102516115,0.8795085629188384,0.8860759493670886,0.9693629999306856,0.9669642687419486,0.22562042881150304,0.06924406379706317,0.05391148191987767,0.3010971883556056
quantum,gpc,6,zmap_r2__as0.5__gpc__d6,zmap_r2__as0.5,ood_test,,,37.4527907371521,0.9122222222222223,0.9130262995431535,0.9118810605009022,0.9173640167364017,0.8870947030497592,0.7532033823222404,0.2907404682206988,0.0824209814570753,0.08509149698660295,0.2843379425821182
quantum,svc,6,zz_r1_full__svc__d6,zz_r1_full,id_val,10.0,0.8961189937203657,0.27948856353759766,0.9112097669256382,0.9113457348751466,0.9112009067166018,0.9103139013452914,0.9625538500971026,0.9513354302991213,,,,
quantum,svc,6,zz_r1_full__svc__d6,zz_r1_full,id_test,10.0,0.8961189937203657,0.27948856353759766,0.9043381535038932,0.9043881016744398,0.9043181458160072,0.9029345372460497,0.95451979918605,0.9357573061148472,,,,
quantum,svc,6,zz_r1_full__svc__d6,zz_r1_full,ood_test,10.0,0.8961189937203657,0.27948856353759766,0.9344444444444444,0.9345474749969132,0.9344443635115599,0.9343715239154616,0.9760007408322016,0.9688694503494133,,,,
quantum,gpc,6,zz_r1_full__gpc__d6,zz_r1_full,id_val,,,40.633920669555664,0.8912319644839067,0.8916959946371711,0.8912253988903015,0.8920704845814978,0.96936582576721,0.9659432718427393,0.24221642691302203,0.07032585394335758,0.07711411187840106,0.3535702842483829
quantum,gpc,6,zz_r1_full__gpc__d6,zz_r1_full,id_test,,,40.633920669555664,0.9032258064516129,0.9037172365307113,0.903218142468418,0.9040793825799338,0.9679519551634337,0.9607666537143034,0.24454964911469151,0.07063129239119008,0.061774649994764716,0.3551093236393771
quantum,gpc,6,zz_r1_full__gpc__d6,zz_r1_full,ood_test,,,40.633920669555664,0.9005555555555556,0.9010556858871466,0.9004335866992621,0.903918411164788,0.9368255340165452,0.9021462094978855,0.28102378627879876,0.0820281656744883,0.06561431547022056,0.35743897563024096
quantum,svc,6,zz_r2_full__svc__d6,zz_r2_full,id_val,10.0,0.8982574405571786,0.2621634006500244,0.8956714761376249,0.895676219205631,0.8956425522686724,0.8939051918735892,0.9418961149064956,0.919600028670988,,,,
quantum,svc,6,zz_r2_full__svc__d6,zz_r2_full,id_test,10.0,0.8982574405571786,0.2621634006500244,0.8987764182424917,0.8988875025992931,0.8987638921372452,0.8976377952755905,0.9455485250868906,0.925703091345564,,,,
quantum,svc,6,zz_r2_full__svc__d6,zz_r2_full,ood_test,10.0,0.8982574405571786,0.2621634006500244,0.9211111111111111,0.9211013705395728,0.9211013705395728,0.9202247191011236,0.9667057661439684,0.9538178208890324,,,,
quantum,gpc,6,zz_r2_full__gpc__d6,zz_r2_full,id_val,,,41.31869888305664,0.8945615982241953,0.894544997486174,0.8945283379233437,0.8926553672316384,0.9665611845542642,0.9634157427461636,0.27303015579002987,0.07868435456840052,0.08292266563225947,0.4007022836971007
quantum,gpc,6,zz_r2_full__gpc__d6,zz_r2_full,id_test,,,41.31869888305664,0.896551724137931,0.8965778451118438,0.8965266304045147,0.8949152542372881,0.9659814435235521,0.9584561904684701,0.2747517061497246,0.07841605301458143,0.07690193185727215,0.40197505604473405
quantum,gpc,6,zz_r2_full__gpc__d6,zz_r2_full,ood_test,,,41.31869888305664,0.8877777777777778,0.8880108655389554,0.8877639214717866,0.889010989010989,0.9431596493394246,0.9193752833941592,0.30658578277867016,0.0898027663008939,0.11479074931290544,0.41732798940709775
quantum,svc,6,pauli_xz_r1_full__svc__d6,pauli_xz_r1_full,id_val,100.0,0.9063349635320609,0.2969353199005127,0.9112097669256382,0.9113876319758673,0.9112044072573889,0.9105145413870246,0.9652845552499532,0.9415193922431963,,,,
quantum,svc,6,pauli_xz_r1_full__svc__d6,pauli_xz_r1_full,id_test,100.0,0.9063349635320609,0.2969353199005127,0.9087875417130145,0.9086286625276021,0.9087278003942194,0.906392694063927,0.9585301369456078,0.9319514427524089,,,,
quantum,svc,6,pauli_xz_r1_full__svc__d6,pauli_xz_r1_full,ood_test,100.0,0.9063349635320609,0.2969353199005127,0.9327777777777778,0.9328867761452031,0.9327777570301719,0.9327404113396331,0.9805222867020621,0.9709800691500016,,,,
quantum,gpc,6,pauli_xz_r1_full__gpc__d6,pauli_xz_r1_full,id_val,,,43.15316152572632,0.8856825749167592,0.8867521367521367,0.8854997810007341,0.8900747065101388,0.9680546929681878,0.9644843885279955,0.2245461055033269,0.0687176085299132,0.04573397709788476,0.2948319270212636
quantum,gpc,6,pauli_xz_r1_full__gpc__d6,pauli_xz_r1_full,id_test,,,43.15316152572632,0.8809788654060067,0.8820515105605562,0.880787701154411,0.8855614973262033,0.9687540227153453,0.9651478077987677,0.22497103396165788,0.0687317434370751,0.05894963527419745,0.30060889297253207
quantum,gpc,6,pauli_xz_r1_full__gpc__d6,pauli_xz_r1_full,ood_test,,,43.15316152572632,0.9111111111111111,0.9118903568341771,0.9107899549489272,0.9161425576519916,0.9190381528583775,0.8312845828389971,0.26797700966281207,0.07773707946252581,0.06533750785639159,0.2663098410803583
quantum,svc,6,zmap_r2__svc__d6,zmap_r2,id_val,100.0,0.897326707682898,0.3412783145904541,0.9112097669256382,0.9111362493715435,0.9111702652075322,0.909297052154195,0.9650430307869755,0.9484816079700903,,,,
quantum,svc,6,zmap_r2__svc__d6,zmap_r2,id_test,100.0,0.897326707682898,0.3412783145904541,0.9110122358175751,0.9108962362237472,0.9109636525700703,0.908883826879271,0.9593718127716879,0.933641482706316,,,,
quantum,svc,6,zmap_r2__svc__d6,zmap_r2,ood_test,100.0,0.897326707682898,0.3412783145904541,0.9355555555555556,0.9356587232991728,0.9355554759944148,0.9354838709677419,0.9827472527472527,0.9760536713515925,,,,
quantum,gpc,6,zmap_r2__gpc__d6,zmap_r2,id_val,,,44.30269193649292,0.8823529411764706,0.88365175129881,0.882031937074477,0.8881856540084389,0.970351639901813,0.9676732741502991,0.23305377732906113,0.07018637998042482,0.05564282470786737,0.3147825034243566
quantum,gpc,6,zmap_r2__gpc__d6,zmap_r2,id_test,,,44.30269193649292,0.8743047830923248,0.8755433760112488,0.8740029642859357,0.88016967126193,0.9657834021527096,0.9601988153168726,0.2383294514121896,0.07210565753307914,0.06624659940658209,0.32004183224232163
quantum,gpc,6,zmap_r2__gpc__d6,zmap_r2,ood_test,,,44.30269193649292,0.9116666666666666,0.9124274601802691,0.9113650616681764,0.9165354330708662,0.913480676626744,0.8130972281091475,0.27711106917613637,0.08017457402127164,0.05668678471516279,0.2896110358613361
quantum,svc,6,zz_r1_full__as2__svc__d6,zz_r1_full__as2,id_val,1.0,0.8910873206275334,0.3058278560638428,0.8967813540510544,0.8972683090330149,0.8967732159554141,0.8976897689768977,0.9628840978321946,0.9487509294282375,,,,
quantum,svc,6,zz_r1_full__as2__svc__d6,zz_r1_full__as2,id_test,1.0,0.8910873206275334,0.3058278560638428,0.9032258064516129,0.9038855716959273,0.9031951432337597,0.9049180327868852,0.9602629989404787,0.9428849457719167,,,,
quantum,svc,6,zz_r1_full__as2__svc__d6,zz_r1_full__as2,ood_test,1.0,0.8910873206275334,0.3058278560638428,0.9111111111111111,0.9114828991233486,0.9110626896866072,0.9131378935939196,0.955150018520805,0.9223381626574725,,,,
quantum,gpc,6,zz_r1_full__as2__gpc__d6,zz_r1_full__as2,id_val,,,43.995569467544556,0.8923418423973363,0.8928272163566281,0.8923333542760771,0.8932893289328933,0.9685328128234703,0.9646014349367718,0.26396942341455143,0.07549521045239153,0.08072151790727963,0.3938694433035679
quantum,gpc,6,zz_r1_full__as2__gpc__d6,zz_r1_full__as2,id_test,,,43.995569467544556,0.899888765294772,0.9003579597777975,0.8998826953345411,0.9006622516556292,0.9654269276851934,0.9566315271471973,0.2694148362702837,0.07703101598440662,0.07870135898642955,0.39472989495383654
quantum,gpc,6,zz_r1_full__as2__gpc__d6,zz_r1_full__as2,ood_test,,,43.995569467544556,0.8905555555555555,0.8908445487097172,0.8905271399150212,0.8922908693275013,0.9401901469317199,0.9145846549132837,0.3048915457127332,0.08978121164762223,0.10284868155162606,0.4124560741760353
quantum,svc,6,zz_r2_full__as2__svc__d6,zz_r2_full__as2,id_val,1.0,0.8762395033280248,0.3088698387145996,0.8923418423973363,0.8924920395508631,0.8923333542760771,0.8913773796192609,0.9565157385226589,0.9495345840474481,,,,
quantum,svc,6,zz_r2_full__as2__svc__d6,zz_r2_full__as2,id_test,1.0,0.8762395033280248,0.3088698387145996,0.8898776418242491,0.8898172078147125,0.8898334771258496,0.887627695800227,0.951271920704235,0.9237856567534519,,,,
quantum,svc,6,zz_r2_full__as2__svc__d6,zz_r2_full__as2,ood_test,1.0,0.8762395033280248,0.3088698387145996,0.8972222222222223,0.8972404000493888,0.8972150843808597,0.896358543417367,0.9533411532287936,0.9346211468652499,,,,
quantum,gpc,6,zz_r2_full__as2__gpc__d6,zz_r2_full__as2,id_val,,,43.484307050704956,0.881243063263041,0.8809703368526898,0.8811282624162009,0.8774341351660939,0.9613166533581758,0.9585238444817473,0.31545726855885126,0.09272071608469898,0.10527565948762056,0.45170637503594174
quantum,gpc,6,zz_r2_full__as2__gpc__d6,zz_r2_full__as2,id_test,,,43.484307050704956,0.8798665183537263,0.8795710423907555,0.8797413793103448,0.8758620689655172,0.9556882432740199,0.9479822980633017,0.32778676827966174,0.09685458141909783,0.10684504940274483,0.4563670047179459
quantum,gpc,6,zz_r2_full__as2__gpc__d6,zz_r2_full__as2,ood_test,,,43.484307050704956,0.8327777777777777,0.8321335967403383,0.8320186993137819,0.820726622989875,0.9386739103593036,0.9209263248864703,0.36805736654364285,0.1133083302676118,0.1584727883192147,0.4791843374460158
quantum,svc,6,pauli_xz_r1_full__as2__svc__d6,pauli_xz_r1_full__as2,id_val,100.0,0.8921874158380314,0.39402294158935547,0.9078801331853497,0.9077425842131724,0.9078251780746613,0.9055745164960182,0.9643874643874644,0.9496660190927684,,,,
quantum,svc,6,pauli_xz_r1_full__as2__svc__d6,pauli_xz_r1_full__as2,id_test,100.0,0.8921874158380314,0.39402294158935547,0.9032258064516129,0.9030018120785432,0.9031447942788149,0.9003436426116839,0.9588470031389557,0.9243200743588759,,,,
quantum,svc,6,pauli_xz_r1_full__as2__svc__d6,pauli_xz_r1_full__as2,ood_test,100.0,0.8921874158380314,0.39402294158935547,0.9372222222222222,0.9373194221508828,0.9372220478390217,0.9371174179187535,0.9803531300160512,0.9693489497527695,,,,
quantum,gpc,6,pauli_xz_r1_full__as2__gpc__d6,pauli_xz_r1_full__as2,id_val,,,43.494879722595215,0.8901220865704772,0.890816155522038,0.890078215402285,0.8922742110990207,0.9683257918552036,0.9646705007674363,0.23822396426042933,0.07166643851915509,0.04754841673188389,0.3171686974024179
quantum,gpc,6,pauli_xz_r1_full__as2__gpc__d6,pauli_xz_r1_full__as2,id_test,,,43.494879722595215,0.8954393770856507,0.8961173989246354,0.8954019744724673,0.8973799126637555,0.9692194199368248,0.9653692918314762,0.2371193644047023,0.07092614204564271,0.05532966175417353,0.32155996444426965
quantum,gpc,6,pauli_xz_r1_full__as2__gpc__d6,pauli_xz_r1_full__as2,ood_test,,,43.494879722595215,0.9105555555555556,0.9113409062847265,0.9102263578263379,0.9156626506024096,0.9124645017903444,0.8068718199904062,0.27865742467164395,0.08065733316275225,0.0629859849566852,0.2924275229544263
quantum,svc,6,zmap_r2__as2__svc__d6,zmap_r2__as2,id_val,100.0,0.8994028908605276,0.3721957206726074,0.9067702552719201,0.9066113624937154,0.9067094636570718,0.9043280182232346,0.9677490905864607,0.9499167135599507,,,,
quantum,svc,6,zmap_r2__as2__svc__d6,zmap_r2__as2,id_test,100.0,0.8994028908605276,0.3721957206726074,0.9054505005561735,0.9053535533572963,0.9054036823425571,0.9032992036405005,0.9557724108566279,0.9349511435029033,,,,
quantum,svc,6,zmap_r2__as2__svc__d6,zmap_r2__as2,ood_test,100.0,0.8994028908605276,0.3721957206726074,0.9311111111111111,0.9311149524632671,0.9311042215332644,0.9304152637485971,0.9757945425361156,0.9673261531653586,,,,
quantum,gpc,6,zmap_r2__as2__gpc__d6,zmap_r2__as2,id_val,,,37.81733727455139,0.8856825749167592,0.885704709234121,0.8856549676258771,0.8838782412626832,0.9643480318220803,0.9589559275999813,0.24501688704681757,0.0736309927999583,0.05164115081620336,0.32729275815576936
quantum,gpc,6,zmap_r2__as2__gpc__d6,zmap_r2__as2,id_test,,,37.81733727455139,0.9021134593993326,0.9021626117695987,0.9020929864163796,0.9006772009029346,0.9685114220360633,0.9649152361338027,0.23632279147573226,0.07033426063594292,0.04927810883935493,0.32444000002274426
quantum,gpc,6,zmap_r2__as2__gpc__d6,zmap_r2__as2,ood_test,,,37.81733727455139,0.8855555555555555,0.8858994937646623,0.8855045273263764,0.8879216539717084,0.9142141005062354,0.8169558145137056,0.29812211295591384,0.08621187782195563,0.05994911224684907,0.3200463416016546
classical_ext,svc,8,linear__svc__d8,linear,id_val,100.0,0.8302047389934446,0.6000106334686279,0.8668146503884573,0.8676051617228088,0.8667278052243883,0.8701298701298701,0.8923885290667298,0.7992320855891045,,,,
classical_ext,svc,8,linear__svc__d8,linear,id_test,100.0,0.8302047389934446,0.6000106334686279,0.8520578420467185,0.8527834714671895,0.8519845853124718,0.8552774755168662,0.8719514006475954,0.7678369729013703,,,,
classical_ext,svc,8,linear__svc__d8,linear,ood_test,100.0,0.8302047389934446,0.6000106334686279,0.7216666666666667,0.720292628719595,0.7167563228073349,0.6794625719769674,0.8450179034448697,0.7129213670870143,,,,
classical_ext,gpc,8,linear__gpc__d8,linear,id_val,,,35.00225520133972,0.8801331853496115,0.8805513658454835,0.8801294938505203,0.8807947019867549,0.9409004426305464,0.9291881124223508,0.3521110572444243,0.10412494724108004,0.10156256797910089,0.4727300601209045
classical_ext,gpc,8,linear__gpc__d8,linear,id_test,,,35.00225520133972,0.8420467185761957,0.8420323005475844,0.8420027327544383,0.8393665158371041,0.927769361019517,0.922239994828506,0.37770276271353415,0.114883491392193,0.10396983615070023,0.48541250736682906
classical_ext,gpc,8,linear__gpc__d8,linear,ood_test,,,35.00225520133972,0.6861111111111111,0.6848561550808743,0.6814818828335647,0.6430827542640556,0.7948981355722928,0.6762251776624114,0.5929233511281433,0.20712951291635087,0.17295213581559776,0.4155994350196889
classical_ext,svc,8,rbf_gscale__svc__d8,rbf_gscale,id_val,100.0,0.8964089188975081,0.24703049659729004,0.9034406215316315,0.9036366683425507,0.9034363393346596,0.9027932960893855,0.9731168485493746,0.9683006175211104,,,,
classical_ext,svc,8,rbf_gscale__svc__d8,rbf_gscale,id_test,100.0,0.8964089188975081,0.24703049659729004,0.8932146829810901,0.8931344007763222,0.8931669637551991,0.8909090909090909,0.9612878630345879,0.9421611916450099,,,,
classical_ext,svc,8,rbf_gscale__svc__d8,rbf_gscale,ood_test,100.0,0.8964089188975081,0.24703049659729004,0.9422222222222222,0.9423879491295222,0.9422210809102403,0.9424778761061947,0.9790702555871095,0.9729120620963259,,,,
classical_ext,gpc,8,rbf_gscale__gpc__d8,rbf_gscale,id_val,,,43.20681810379028,0.8934517203107658,0.8946287916876152,0.893230632498889,0.8980891719745223,0.9683455081378957,0.9662261705207181,0.22503326557629763,0.06854306169780584,0.046565259284966576,0.2989842889335846
classical_ext,gpc,8,rbf_gscale__gpc__d8,rbf_gscale,id_test,,,43.20681810379028,0.8909899888765295,0.8920872570279932,0.8908050250857675,0.8952991452991453,0.9669815524463059,0.9643036374797254,0.2293845373439653,0.06991976135231501,0.0446241938707247,0.30743820429920793
classical_ext,gpc,8,rbf_gscale__gpc__d8,rbf_gscale,ood_test,,,43.20681810379028,0.9094444444444445,0.9100197555253735,0.9092869565217392,0.9130666666666667,0.9444462279293739,0.8925978680738174,0.25172003297454254,0.0750216274258141,0.08735397930792968,0.2905158048783518
classical_ext,svc,8,poly2__svc__d8,poly2,id_val,10.0,0.889074250389811,0.13969850540161133,0.8845726970033296,0.8866683425506955,0.8835361730899256,0.8945233265720081,0.9584873667918652,0.9363320032349469,,,,
classical_ext,svc,8,poly2__svc__d8,poly2,id_test,10.0,0.889074250389811,0.13969850540161133,0.8832035595105673,0.8853711790393013,0.8820736154471758,0.8936170212765957,0.9508411807226531,0.9181897592879948,,,,
classical_ext,svc,8,poly2__svc__d8,poly2,ood_test,10.0,0.889074250389811,0.13969850540161133,0.9216666666666666,0.9225151253241141,0.92132279385301,0.9265242313705054,0.9690381528583777,0.939980635524659,,,,
classical_ext,gpc,8,poly2__gpc__d8,poly2,id_val,,,35.470441818237305,0.8845726970033296,0.886039886039886,0.8841409735204804,0.891213389121339,0.9644170388115025,0.9627809223193491,0.2824515427941769,0.08268664708482455,0.10694435278504946,0.4048159843812665
classical_ext,gpc,8,poly2__gpc__d8,poly2,id_test,,,35.470441818237305,0.8720800889877642,0.8735703888542317,0.8715817977430393,0.8795811518324608,0.9582132707522601,0.95597329174956,0.293155291514035,0.08657100748025608,0.10329523819189713,0.41627632682095256
classical_ext,gpc,8,poly2__gpc__d8,poly2,ood_test,,,35.470441818237305,0.8083333333333333,0.8085504383257192,0.808311975500974,0.8103353490929082,0.8854796888504755,0.8064250706493442,0.3802456490225134,0.12599075277743874,0.11059323263875266,0.3836282924383144
classical_ext,svc,8,poly3__svc__d8,poly3,id_val,10.0,0.889074250389811,0.16581511497497559,0.8867924528301887,0.8888050946874476,0.88587005116487,0.8961303462321792,0.9687349047210639,0.9619693701356836,,,,
classical_ext,svc,8,poly3__svc__d8,poly3,id_test,10.0,0.889074250389811,0.16581511497497559,0.8843159065628476,0.8864628820960698,0.8832222544190089,0.8945233265720081,0.9613868837200091,0.9433685236752535,,,,
classical_ext,svc,8,poly3__svc__d8,poly3,ood_test,10.0,0.889074250389811,0.16581511497497559,0.9216666666666666,0.9225151253241141,0.92132279385301,0.9265242313705054,0.9703444869737003,0.9477098851430494,,,,
classical_ext,gpc,8,poly3__gpc__d8,poly3,id_val,,,36.12812805175781,0.8801331853496115,0.8817663817663818,0.8795442616781707,0.8879668049792531,0.9671181695403147,0.9653115998589716,0.26020502835528975,0.0759620908152083,0.08707996645310213,0.3782379759474523
classical_ext,gpc,8,poly3__gpc__d8,poly3,id_test,,,36.12812805175781,0.882091212458287,0.8837323866955807,0.881509315719842,0.8898128898128899,0.9622780698887998,0.960416265303355,0.2681027583220716,0.07862654319626612,0.08846930154055892,0.3890440240744093
classical_ext,gpc,8,poly3__gpc__d8,poly3,ood_test,,,36.12812805175781,0.8516666666666667,0.85174095567354,0.85166552211051,0.8512534818941504,0.9002383010248178,0.8254616093677868,0.3429335398997677,0.10990817582361422,0.09539545276457302,0.3614328891777164
classical_ext,svc,8,laplacian_med__svc__d8,laplacian_med,id_val,10.0,0.896521388180688,0.19300365447998047,0.8990011098779135,0.899069884364002,0.8989831911755828,0.8976377952755905,0.9654422855114898,0.9626703855404446,,,,
classical_ext,svc,8,laplacian_med__svc__d8,laplacian_med,id_test,10.0,0.896521388180688,0.19300365447998047,0.9010011123470523,0.9009446573389182,0.9009614087292992,0.8989784335981839,0.9564556535860341,0.935257822450647,,,,
classical_ext,svc,8,laplacian_med__svc__d8,laplacian_med,ood_test,10.0,0.896521388180688,0.19300365447998047,0.9477777777777778,0.9477960242005186,0.947773651251457,0.9473094170403588,0.9803753549820966,0.9721656502849622,,,,
classical_ext,gpc,8,laplacian_med__gpc__d8,laplacian_med,id_val,,,37.77695679664612,0.8934517203107658,0.8943774090832914,0.8933412252145605,0.896774193548387,0.9717416378316034,0.970983683558182,0.21939955083453264,0.06675636462800845,0.04939494732809844,0.30139632200776256
classical_ext,gpc,8,laplacian_med__gpc__d8,laplacian_med,id_test,,,37.77695679664612,0.8843159065628476,0.8850320331917337,0.884264210734799,0.8867102396514162,0.9689718682232719,0.9668014852538274,0.22648400770556984,0.0685885496603532,0.040040024914998154,0.30814507474764974
classical_ext,gpc,8,laplacian_med__gpc__d8,laplacian_med,ood_test,,,37.77695679664612,0.9127777777777778,0.9133535004321521,0.9126260869565217,0.9162666666666667,0.9706741573033707,0.9538653670737238,0.21103891381997036,0.060213043342854634,0.06944044893594847,0.3007156840298618
classical_ext,svc,8,matern15_med__svc__d8,matern15_med,id_val,100.0,0.9030291742112564,0.18187212944030762,0.8945615982241953,0.8946706887883358,0.8945486084161532,0.8933782267115601,0.9711107167854572,0.9665170163821031,,,,
classical_ext,svc,8,matern15_med__svc__d8,matern15_med,id_test,100.0,0.9030291742112564,0.18187212944030762,0.8976640711902113,0.8975853805860045,0.8976183402653991,0.8954545454545455,0.9594807355256513,0.9449698088519741,,,,
classical_ext,svc,8,matern15_med__svc__d8,matern15_med,ood_test,100.0,0.9030291742112564,0.18187212944030762,0.9422222222222222,0.9422397826892208,0.9422176567037396,0.9417040358744395,0.9819397456476108,0.9769875780573708,,,,
classical_ext,gpc,8,matern15_med__gpc__d8,matern15_med,id_val,,,43.108134031295776,0.8901220865704772,0.891486509133568,0.8897826642991915,0.8958990536277602,0.967477991699445,0.965143678789575,0.22998814802540168,0.06950576136591542,0.04783841899480808,0.3123851817683907
classical_ext,gpc,8,matern15_med__gpc__d8,matern15_med,id_test,,,43.108134031295776,0.8932146829810901,0.8946073334719623,0.8928699106256206,0.8989473684210526,0.9658972759409441,0.9628567379462529,0.23396915717220323,0.07069565352386847,0.05102798692569606,0.320644390375344
classical_ext,gpc,8,matern15_med__gpc__d8,matern15_med,ood_test,,,43.108134031295776,0.905,0.9055500679096185,0.9048519625751053,0.9086050240513095,0.941796518088653,0.8922102719372201,0.25815716933626576,0.07741274047410177,0.08186535314821361,0.3071969048433098
classical_ext,svc,8,matern25_med__svc__d8,matern25_med,id_val,100.0,0.8969165331107062,0.18205761909484863,0.9012208657047724,0.9015418133065192,0.9012208657047724,0.9012208657047724,0.9691834501523082,0.9645186480530725,,,,
classical_ext,svc,8,matern25_med__svc__d8,matern25_med,id_test,100.0,0.8969165331107062,0.18205761909484863,0.8887652947719689,0.8886834209666399,0.888715587244999,0.8863636363636364,0.9584261652259156,0.942120510372421,,,,
classical_ext,svc,8,matern25_med__svc__d8,matern25_med,ood_test,100.0,0.8969165331107062,0.18205761909484863,0.9388888888888889,0.9390171626126682,0.9388888134429796,0.9389567147613762,0.9791122360785283,0.9733575190290034,,,,
classical_ext,gpc,8,matern25_med__gpc__d8,matern25_med,id_val,,,40.6340548992157,0.8867924528301887,0.8884699178816826,0.8862001842551042,0.8944099378881988,0.9676406510316544,0.9655022182207103,0.232849221184047,0.07005719490822894,0.046486690258891177,0.31899127364740154
classical_ext,gpc,8,matern25_med__gpc__d8,matern25_med,id_test,,,40.6340548992157,0.8898776418242491,0.8914163918842646,0.8894173602853745,0.896551724137931,0.9661200724831418,0.9634977949638935,0.23697433436714824,0.07130503434189667,0.046578903934506935,0.3277423125361232
classical_ext,gpc,8,matern25_med__gpc__d8,matern25_med,ood_test,,,40.6340548992157,0.9005555555555556,0.9010433386837882,0.9004412165947373,0.9038151531434713,0.9360970490183972,0.8816300168850857,0.27196736787554043,0.08201672548633676,0.09183346122187865,0.30967255315414577
classical_ext,svc,8,rbf_gscale_x0.1__svc__d8,rbf_gscale_x0.1,id_val,100.0,0.8890542423866098,0.16318082809448242,0.8923418423973363,0.8936232612703201,0.8920604926607261,0.8975712777191129,0.9711797237748795,0.9672493197315241,,,,
classical_ext,svc,8,rbf_gscale_x0.1__svc__d8,rbf_gscale_x0.1,id_test,100.0,0.8890542423866098,0.16318082809448242,0.8854282536151279,0.8867549931180624,0.8851007014544042,0.8912354804646251,0.9660111497291786,0.9520410163972108,,,,
classical_ext,svc,8,rbf_gscale_x0.1__svc__d8,rbf_gscale_x0.1,ood_test,100.0,0.8890542423866098,0.16318082809448242,0.9177777777777778,0.9182985553772071,0.9176670857486176,0.9206859592711683,0.9742116310655636,0.9646765318407098,,,,
classical_ext,gpc,8,rbf_gscale_x0.1__gpc__d8,rbf_gscale_x0.1,id_val,,,35.439067125320435,0.8801331853496115,0.8815987933634992,0.8796848571174218,0.8870292887029289,0.9624010489062391,0.9617847738775726,0.2923929734414995,0.08623677599122599,0.11863515931442647,0.4138550554781205
classical_ext,gpc,8,rbf_gscale_x0.1__gpc__d8,rbf_gscale_x0.1,id_test,,,35.439067125320435,0.8743047830923248,0.8757958787590727,0.8738151577822908,0.881675392670157,0.9556436839655804,0.9534173305261716,0.3032460795160229,0.09016387209720338,0.11660613457674819,0.425249269560626
classical_ext,gpc,8,rbf_gscale_x0.1__gpc__d8,rbf_gscale_x0.1,ood_test,,,35.439067125320435,0.8233333333333334,0.8235090751944685,0.8233254811324948,0.8245033112582781,0.8914433880726016,0.8196747699072797,0.3751804430726359,0.12240174475022239,0.1166964731298874,0.3995291972762351
classical_ext,svc,8,rbf_gscale_x0.3__svc__d8,rbf_gscale_x0.3,id_val,100.0,0.8919200465062623,0.25396203994750977,0.9034406215316315,0.9041394335511983,0.9034020680807959,0.9053318824809575,0.9733140113762951,0.9716619740554739,,,,
classical_ext,svc,8,rbf_gscale_x0.3__svc__d8,rbf_gscale_x0.3,id_test,100.0,0.8919200465062623,0.25396203994750977,0.8932146829810901,0.8938919090197942,0.8931764845676262,0.8951965065502183,0.9638524987869966,0.9534216271242336,,,,
classical_ext,svc,8,rbf_gscale_x0.3__svc__d8,rbf_gscale_x0.3,ood_test,100.0,0.8919200465062623,0.25396203994750977,0.9438888888888889,0.9439745647610815,0.9438884559294439,0.943732590529248,0.9810149401160637,0.9750416047836944,,,,
classical_ext,gpc,8,rbf_gscale_x0.3__gpc__d8,rbf_gscale_x0.3,id_val,,,41.715651750564575,0.8801331853496115,0.8819339701692643,0.879384203480589,0.8888888888888888,0.9676012184662702,0.9658794252363205,0.24678736444601237,0.07335332566973658,0.0672067192826655,0.34831749614208807
classical_ext,gpc,8,rbf_gscale_x0.3__gpc__d8,rbf_gscale_x0.3,id_test,,,41.715651750564575,0.8865406006674083,0.888225450296567,0.8859443565479567,0.8941908713692946,0.9628820960698691,0.9607828616505103,0.25254321092015836,0.07507995562216528,0.06829232755114445,0.3586136767289522
classical_ext,gpc,8,rbf_gscale_x0.3__gpc__d8,rbf_gscale_x0.3,ood_test,,,41.715651750564575,0.8744444444444445,0.8746388443017656,0.874436848648869,0.8754134509371555,0.9222101494011606,0.8647503857468332,0.3038018379542172,0.09433671835637458,0.08211514259066431,0.3329082651244151
classical_ext,svc,8,rbf_gscale_x3__svc__d8,rbf_gscale_x3,id_val,10.0,0.89651913277126,0.2190074920654297,0.8945615982241953,0.894880174291939,0.8945615982241953,0.8945615982241953,0.9667435601691658,0.961425749428839,,,,
classical_ext,svc,8,rbf_gscale_x3__svc__d8,rbf_gscale_x3,id_test,10.0,0.89651913277126,0.2190074920654297,0.8898776418242491,0.8899013753973205,0.88985092914029,0.888135593220339,0.958124152135381,0.9383198653395717,,,,
classical_ext,svc,8,rbf_gscale_x3__svc__d8,rbf_gscale_x3,ood_test,10.0,0.89651913277126,0.2190074920654297,0.9394444444444444,0.9395789603654772,0.9394442762341007,0.9395452024403772,0.9754401777997284,0.9703038425377604,,,,
classical_ext,gpc,8,rbf_gscale_x3__gpc__d8,rbf_gscale_x3,id_val,,,40.72639989852905,0.8890122086570478,0.8898106251047427,0.8889398376869904,0.8917748917748918,0.9686954721556797,0.965940185977998,0.22046393253421534,0.06765804024875739,0.04077504965074605,0.2913309239424295
classical_ext,gpc,8,rbf_gscale_x3__gpc__d8,rbf_gscale_x3,id_test,,,40.72639989852905,0.8865406006674083,0.8872154393052709,0.8865000148531028,0.888646288209607,0.9666696372872294,0.9636935882765447,0.2251415467553316,0.0691393075387664,0.04286795519389979,0.29785482708883226
classical_ext,gpc,8,rbf_gscale_x3__gpc__d8,rbf_gscale_x3,ood_test,,,40.72639989852905,0.9144444444444444,0.9149401160637116,0.914342819072999,0.9172932330827067,0.962927521916286,0.9381056644940499,0.2157717182168038,0.062206599331883744,0.04984155919188239,0.28857248939908714
classical_ext,svc,8,rbf_gscale_x10__svc__d8,rbf_gscale_x10,id_val,1.0,0.8946685623312864,0.16010141372680664,0.8945615982241953,0.894880174291939,0.8945615982241953,0.8945615982241953,0.958447934226481,0.950076680210833,,,,
classical_ext,svc,8,rbf_gscale_x10__svc__d8,rbf_gscale_x10,id_test,1.0,0.8946685623312864,0.16010141372680664,0.8887652947719689,0.889146342670984,0.8887640560658854,0.8891352549889135,0.9548465674479399,0.9398156817324859,,,,
classical_ext,svc,8,rbf_gscale_x10__svc__d8,rbf_gscale_x10,ood_test,1.0,0.8946685623312864,0.16010141372680664,0.9461111111111111,0.9463328806025435,0.9461063039264922,0.9466152999449642,0.971692801580442,0.9561825548278257,,,,
classical_ext,gpc,8,rbf_gscale_x10__gpc__d8,rbf_gscale_x10,id_val,,,36.36440682411194,0.8901220865704772,0.890690464219876,0.890102592597612,0.891566265060241,0.9685968907422194,0.9652610285401707,0.2267794568116479,0.06838839261647596,0.04414668618868389,0.3120603275861309
classical_ext,gpc,8,rbf_gscale_x10__gpc__d8,rbf_gscale_x10,id_test,,,36.36440682411194,0.8843159065628476,0.8846532790699977,0.8843157634248948,0.8844444444444445,0.9659121290437572,0.9616739182814702,0.23614629847208418,0.07162510783489623,0.0366506188109249,0.31682020836909813
classical_ext,gpc,8,rbf_gscale_x10__gpc__d8,rbf_gscale_x10,ood_test,,,36.36440682411194,0.9355555555555556,0.9358192369428324,0.9355440967283073,0.9364035087719298,0.9744412890480307,0.957780910799306,0.2112220480353985,0.057109624047396605,0.07627549093958894,0.32586832214931155
classical_ext,svc,8,laplacian_med_x0.1__svc__d8,laplacian_med_x0.1,id_val,1.0,0.8968047800250855,0.3205678462982178,0.8956714761376249,0.8959276018099547,0.895670319490707,0.8953229398663697,0.9691785210816353,0.9707344034980466,,,,
classical_ext,svc,8,laplacian_med_x0.1__svc__d8,laplacian_med_x0.1,id_test,1.0,0.8968047800250855,0.3205678462982178,0.8987764182424917,0.898971670181901,0.8987719092017101,0.8980963045912654,0.9583865569517471,0.9560362802399801,,,,
classical_ext,svc,8,laplacian_med_x0.1__svc__d8,laplacian_med_x0.1,ood_test,1.0,0.8968047800250855,0.3205678462982178,0.9461111111111111,0.9460982837387332,0.9461037752360737,0.9454749859471613,0.9798950487714533,0.9630515016279523,,,,
classical_ext,gpc,8,laplacian_med_x0.1__gpc__d8,laplacian_med_x0.1,id_val,,,39.01218104362488,0.8923418423973363,0.8929948047595107,0.8923078818796246,0.8942202835332607,0.9732006427508157,0.9726043680564085,0.24820304826058312,0.07176078030245944,0.07284297504837288,0.37342800493125033
classical_ext,gpc,8,laplacian_med_x0.1__gpc__d8,laplacian_med_x0.1,id_test,,,39.01218104362488,0.896551724137931,0.896872431650972,0.896551724137931,0.896551724137931,0.9690362316687956,0.9668621152191769,0.259687763838765,0.07608725681051964,0.06891284793437388,0.3751067245551212
classical_ext,gpc,8,laplacian_med_x0.1__gpc__d8,laplacian_med_x0.1,ood_test,,,39.01218104362488,0.9427777777777778,0.9429497468823311,0.9427763471864574,0.9430624654505252,0.9771774293122608,0.9631884602728151,0.2459958008648349,0.06565540644622352,0.1260760045231617,0.3995940382267988
classical_ext,svc,8,laplacian_med_x0.3__svc__d8,laplacian_med_x0.3,id_val,10.0,0.8972325636013201,0.16778349876403809,0.9001109877913429,0.9003267973856208,0.9001079115421002,0.8995535714285714,0.962021510464417,0.9606919049382834,,,,
classical_ext,svc,8,laplacian_med_x0.3__svc__d8,laplacian_med_x0.3,id_test,10.0,0.8972325636013201,0.16778349876403809,0.9021134593993326,0.9019942766043827,0.9020600178270773,0.8997722095671982,0.9563912901405104,0.9423759415507219,,,,
classical_ext,svc,8,laplacian_med_x0.3__svc__d8,laplacian_med_x0.3,ood_test,10.0,0.8972325636013201,0.16778349876403809,0.9427777777777778,0.9427521916285961,0.9427684334880603,0.9420371412492966,0.9784998147919497,0.9663484739911149,,,,
classical_ext,gpc,8,laplacian_med_x0.3__gpc__d8,laplacian_med_x0.3,id_val,,,39.334612131118774,0.8934517203107658,0.8940003351768058,0.8934358367829687,0.8947368421052632,0.9738315637969618,0.9732337987567748,0.21280771635014073,0.06448955782332873,0.0435590092346592,0.2982008507632729
classical_ext,gpc,8,laplacian_med_x0.3__gpc__d8,laplacian_med_x0.3,id_test,,,39.334612131118774,0.8932146829810901,0.8935973224806663,0.8932134938232499,0.893569844789357,0.9709324777946113,0.9686638111931792,0.22237591581419217,0.0674155238524981,0.03431004525121396,0.3020416496236889
classical_ext,gpc,8,laplacian_med_x0.3__gpc__d8,laplacian_med_x0.3,ood_test,,,39.334612131118774,0.9361111111111111,0.9364798123225089,0.9360779466136597,0.937533948940793,0.978671440918632,0.9621482712378957,0.1933144849751004,0.051750654390961444,0.07236229543807078,0.30705699717049734
classical_ext,svc,8,laplacian_med_x3__svc__d8,laplacian_med_x3,id_val,10.0,0.8942035539929257,0.18143606185913086,0.897891231964484,0.8981481481481481,0.8978900999270749,0.8975501113585747,0.9695334141700925,0.9610196922116475,,,,
classical_ext,svc,8,laplacian_med_x3__svc__d8,laplacian_med_x3,id_test,10.0,0.8942035539929257,0.18143606185913086,0.8976640711902113,0.8978799671251324,0.8976609055453267,0.8970917225950783,0.9621394409292101,0.9424825795963234,,,,
classical_ext,svc,8,laplacian_med_x3__svc__d8,laplacian_med_x3,ood_test,10.0,0.8942035539929257,0.18143606185913086,0.9494444444444444,0.949580195085813,0.9494443040119556,0.949528563505269,0.9835152487961477,0.9762797299732722,,,,
classical_ext,gpc,8,laplacian_med_x3__gpc__d8,laplacian_med_x3,id_val,,,31.76205801963806,0.8845726970033296,0.8859979889391654,0.8841719077568134,0.8909853249475891,0.9676899417383847,0.9671758060940754,0.24002264211362767,0.07130311703601451,0.058372964001783954,0.3400056930181766
classical_ext,gpc,8,laplacian_med_x3__gpc__d8,laplacian_med_x3,id_test,,,31.76205801963806,0.8798665183537263,0.8812123102516115,0.8795085629188384,0.8860759493670886,0.9655804097475963,0.9636298640147833,0.2448318035981576,0.07226936485255195,0.0666473010423222,0.34889010736229936
classical_ext,gpc,8,laplacian_med_x3__gpc__d8,laplacian_med_x3,ood_test,,,31.76205801963806,0.9072222222222223,0.9077972589208544,0.9070608695652174,0.9109333333333334,0.9468033090505,0.912684322687585,0.25953864782689934,0.076983175486577,0.0946932535028811,0.3358165592251608
classical_ext,svc,8,laplacian_med_x10__svc__d8,laplacian_med_x10,id_val,100.0,0.8926705427488691,0.16687893867492676,0.8956714761376249,0.8957600134070722,0.8956559235166568,0.8943820224719101,0.9662309368191722,0.9595733463009589,,,,
classical_ext,svc,8,laplacian_med_x10__svc__d8,laplacian_med_x10,id_test,100.0,0.8926705427488691,0.16687893867492676,0.9021134593993326,0.9021626117695987,0.9020929864163796,0.9006772009029346,0.9610007030468665,0.9384852538107541,,,,
classical_ext,svc,8,laplacian_med_x10__svc__d8,laplacian_med_x10,ood_test,100.0,0.8926705427488691,0.16687893867492676,0.9488888888888889,0.9490183973330041,0.9488888257886738,0.9489456159822419,0.9827460180269169,0.9763310645428535,,,,
classical_ext,gpc,8,laplacian_med_x10__gpc__d8,laplacian_med_x10,id_val,,,26.286362409591675,0.8745837957824639,0.8762778615719793,0.8739072011096731,0.8831437435367114,0.9629235303975788,0.9626063860605052,0.2750871569102805,0.07849193380338725,0.08521439975412744,0.4140565106417401
classical_ext,gpc,8,laplacian_med_x10__gpc__d8,laplacian_med_x10,id_test,,,26.286362409591675,0.8776418242491657,0.8792393230945945,0.8770758750994432,0.8854166666666666,0.9624365029854737,0.9592328780202333,0.2801351702777648,0.07961115416938251,0.08635415045534542,0.4241646283699257
classical_ext,gpc,8,laplacian_med_x10__gpc__d8,laplacian_med_x10,ood_test,,,26.286362409591675,0.8938888888888888,0.8944005432769477,0.89375033801794,0.8975871313672922,0.9188899864180764,0.8589055734165862,0.32003323396876837,0.09603435299368165,0.10563948832928875,0.41202651360940473
classical_ext,svc,8,matern15_med_x0.1__svc__d8,matern15_med_x0.1,id_val,1.0,0.8926483056026543,0.14674115180969238,0.8890122086570478,0.8894335511982571,0.8890087906023336,0.8896247240618101,0.9614448091956744,0.9600120750716886,,,,
classical_ext,svc,8,matern15_med_x0.1__svc__d8,matern15_med_x0.1,id_test,1.0,0.8926483056026543,0.14674115180969238,0.8865406006674083,0.8870471041400549,0.8865292283324259,0.8876651982378855,0.9611096258008298,0.9575963013260904,,,,
classical_ext,svc,8,matern15_med_x0.1__svc__d8,matern15_med_x0.1,ood_test,1.0,0.8926483056026543,0.14674115180969238,0.9433333333333334,0.9433016421780467,0.9433232574679943,0.9425675675675675,0.9766971231016173,0.9624530176815863,,,,
classical_ext,gpc,8,matern15_med_x0.1__gpc__d8,matern15_med_x0.1,id_val,,,38.29974341392517,0.8845726970033296,0.8852019440254735,0.8845406961270417,0.8864628820960698,0.9699474561066256,0.9691121566502844,0.25689168538754836,0.07523020267989147,0.06559830564361578,0.37289001122858245
classical_ext,gpc,8,matern15_med_x0.1__gpc__d8,matern15_med_x0.1,id_test,,,38.29974341392517,0.8898776418242491,0.8903642971016645,0.889868920739924,0.8908489525909592,0.9651249145946588,0.9626038463610679,0.26861584552135975,0.07975254430428626,0.0698133361343171,0.37470005609710194
classical_ext,gpc,8,matern15_med_x0.1__gpc__d8,matern15_med_x0.1,ood_test,,,38.29974341392517,0.9411111111111111,0.941202617607112,0.9411108203003472,0.9409799554565702,0.9753648598592418,0.9578179549289685,0.25643452378205817,0.0692265444296539,0.1310151230778283,0.40643381781028565
classical_ext,svc,8,matern15_med_x0.3__svc__d8,matern15_med_x0.3,id_val,1.0,0.8924678518352904,0.14214563369750977,0.8934517203107658,0.8939165409753644,0.8934452887088667,0.8942731277533039,0.9636481037865121,0.9578390021601286,,,,
classical_ext,svc,8,matern15_med_x0.3__svc__d8,matern15_med_x0.3,id_test,1.0,0.8924678518352904,0.14214563369750977,0.882091212458287,0.8826382081216766,0.8820735570735571,0.8835164835164835,0.9584855776371685,0.9438368455435847,,,,
classical_ext,svc,8,matern15_med_x0.3__svc__d8,matern15_med_x0.3,ood_test,1.0,0.8924678518352904,0.14214563369750977,0.9472222222222222,0.9474194344980862,0.9472194691636693,0.9476006618863761,0.9815656253858501,0.9766867087747988,,,,
classical_ext,gpc,8,matern15_med_x0.3__gpc__d8,matern15_med_x0.3,id_val,,,37.74292802810669,0.8923418423973363,0.893078598960952,0.892288769671223,0.8946796959826275,0.9687595500744289,0.965398930055219,0.2195772184169482,0.06721768127709267,0.044283537356833824,0.2948428722756131
classical_ext,gpc,8,matern15_med_x0.3__gpc__d8,matern15_med_x0.3,id_test,,,37.74292802810669,0.8887652947719689,0.889272594044896,0.8887541454239469,0.8898678414096917,0.9660903662775154,0.9617753019821542,0.22738581045761605,0.0697696339495736,0.03863546401690909,0.3001766015454655
classical_ext,gpc,8,matern15_med_x0.3__gpc__d8,matern15_med_x0.3,ood_test,,,37.74292802810669,0.9211111111111111,0.9215335226571182,0.9210501930501931,0.9232432432432433,0.9737733053463391,0.9571365649227431,0.20531807206707106,0.056885983222876746,0.06445043191735636,0.3050327743970447
classical_ext,svc,8,matern15_med_x3__svc__d8,matern15_med_x3,id_val,100.0,0.8892243104138207,0.15099453926086426,0.9012208657047724,0.9018769901122843,0.901189706054501,0.9029443838604144,0.9681089127455909,0.9626549095801943,,,,
classical_ext,svc,8,matern15_med_x3__svc__d8,matern15_med_x3,id_test,100.0,0.8892243104138207,0.15099453926086426,0.8898776418242491,0.8905326322668805,0.8898427491970369,0.8918032786885246,0.960787808573211,0.9467518158398157,,,,
classical_ext,svc,8,matern15_med_x3__svc__d8,matern15_med_x3,ood_test,100.0,0.8892243104138207,0.15099453926086426,0.9411111111111111,0.941202617607112,0.9411108203003472,0.9409799554565702,0.9801259414742562,0.9758108537814928,,,,
classical_ext,gpc,8,matern15_med_x3__gpc__d8,matern15_med_x3,id_val,,,31.42750096321106,0.8790233074361821,0.8805513658454835,0.878519909405433,0.886339937434828,0.9657577460345627,0.964095132199966,0.2774537213198378,0.08023796581069631,0.10350488380890704,0.4097927082153794
classical_ext,gpc,8,matern15_med_x3__gpc__d8,matern15_med_x3,id_test,,,31.42750096321106,0.8754171301446051,0.8770138331897533,0.874840891010342,0.8833333333333333,0.9591638693323037,0.9572290214388026,0.2855950584655474,0.0830069535962011,0.10891322190418719,0.42030070225261246
classical_ext,gpc,8,matern15_med_x3__gpc__d8,matern15_med_x3,ood_test,,,31.42750096321106,0.8472222222222222,0.8473083096678602,0.8472217978383274,0.8469671675013912,0.8987652796641561,0.8337008091110708,0.3551120347171492,0.11268298926442617,0.09894734156768925,0.4017586413525591
classical_ext,svc,8,matern15_med_x10__svc__d8,matern15_med_x10,id_val,100.0,0.8885840543113798,0.17067503929138184,0.8845726970033296,0.8866683425506955,0.8835361730899256,0.8945233265720081,0.9541152811049004,0.9265065179064763,,,,
classical_ext,svc,8,matern15_med_x10__svc__d8,matern15_med_x10,id_test,100.0,0.8885840543113798,0.17067503929138184,0.8832035595105673,0.8853711790393013,0.8820736154471758,0.8936170212765957,0.9513164800126748,0.9129758108348951,,,,
classical_ext,svc,8,matern15_med_x10__svc__d8,matern15_med_x10,ood_test,100.0,0.8885840543113798,0.17067503929138184,0.9222222222222223,0.9230769230769231,0.921875,0.9270833333333334,0.973679466600815,0.9552253534047168,,,,
classical_ext,gpc,8,matern15_med_x10__gpc__d8,matern15_med_x10,id_val,,,24.293943166732788,0.8745837957824639,0.875523713759008,0.8744445992790735,0.878625134264232,0.9524344680054022,0.9547952677275979,0.3979100480205637,0.11738002829654104,0.18661008111225977,0.5674436122321859
classical_ext,gpc,8,matern15_med_x10__gpc__d8,matern15_med_x10,id_test,,,24.293943166732788,0.8598442714126807,0.8606778956123935,0.8597358019554816,0.8636363636363636,0.9459248036914911,0.9485999461448961,0.4105846389985991,0.12309182336030842,0.18458962637628795,0.5726448383444814
classical_ext,gpc,8,matern15_med_x10__gpc__d8,matern15_med_x10,ood_test,,,24.293943166732788,0.6866666666666666,0.6856895913075689,0.6837792983837608,0.6535626535626535,0.8527521916285962,0.7566146482345923,0.4985424151480228,0.1647149919419884,0.23523369398140231,0.568237726682668
classical_ext,svc,8,matern25_med_x0.1__svc__d8,matern25_med_x0.1,id_val,1.0,0.8916052995677528,0.17449569702148438,0.8879023307436182,0.8882604323780794,0.8879017784002651,0.8881506090808416,0.9614300219836551,0.959655149989511,,,,
classical_ext,svc,8,matern25_med_x0.1__svc__d8,matern25_med_x0.1,id_test,1.0,0.8916052995677528,0.17449569702148438,0.8865406006674083,0.8869629365574468,0.8865370909306884,0.8871681415929203,0.9607135430591451,0.959275779344384,,,,
classical_ext,svc,8,matern25_med_x0.1__svc__d8,matern25_med_x0.1,ood_test,1.0,0.8916052995677528,0.17449569702148438,0.9411111111111111,0.9410914927768861,0.9411023128146303,0.9403824521934758,0.9752747252747254,0.962079300300022,,,,
classical_ext,gpc,8,matern25_med_x0.1__gpc__d8,matern25_med_x0.1,id_val,,,37.04072618484497,0.8845726970033296,0.8851600469247528,0.884548662448006,0.8862144420131292,0.9698784491172034,0.9690210021090906,0.25726196412101077,0.07540941059950494,0.06807557026631154,0.3716271579207616
classical_ext,gpc,8,matern25_med_x0.1__gpc__d8,matern25_med_x0.1,id_test,,,37.04072618484497,0.8887652947719689,0.889188426462288,0.8887618538536161,0.8893805309734514,0.9647535870243293,0.962190388787605,0.26880272006594746,0.07994040725072792,0.06876142600588744,0.37307696778057714
classical_ext,gpc,8,matern25_med_x0.1__gpc__d8,matern25_med_x0.1,ood_test,,,37.04072618484497,0.9433333333333334,0.9434004198049142,0.9433322139696587,0.9430803571428571,0.9752278059019633,0.9568638917010136,0.25646694114670876,0.0692893325234253,0.1294841670552678,0.4051412238760532
classical_ext,svc,8,matern25_med_x0.3__svc__d8,matern25_med_x0.3,id_val,10.0,0.8939707284979457,0.16248631477355957,0.8890122086570478,0.8890983743924921,0.8889956633155923,0.8876404494382022,0.9660436321335977,0.9607891434418917,,,,
classical_ext,svc,8,matern25_med_x0.3__svc__d8,matern25_med_x0.3,id_test,10.0,0.8939707284979457,0.16248631477355957,0.8954393770856507,0.8955282258463793,0.8954237204237204,0.8941441441441441,0.9554060343205695,0.9435205484156004,,,,
classical_ext,svc,8,matern25_med_x0.3__svc__d8,matern25_med_x0.3,ood_test,10.0,0.8939707284979457,0.16248631477355957,0.9427777777777778,0.9428262748487468,0.9427756406952235,0.9424259362772499,0.9767144091863192,0.9708084601629298,,,,
classical_ext,gpc,8,matern25_med_x0.3__gpc__d8,matern25_med_x0.3,id_val,,,44.03325343132019,0.8934517203107658,0.894209820680409,0.8933938079274304,0.89587852494577,0.9686757558729877,0.9653370591031587,0.21999565016815512,0.06738851713153705,0.04066853375581562,0.294068372546222
classical_ext,gpc,8,matern25_med_x0.3__gpc__d8,matern25_med_x0.3,id_test,,,44.03325343132019,0.8843159065628476,0.8848216142352137,0.8843043112409048,0.8854625550660793,0.9662983097168999,0.9622298843239043,0.2269369663168351,0.06963335900909541,0.04265505412493971,0.29967407538320656
classical_ext,gpc,8,matern25_med_x0.3__gpc__d8,matern25_med_x0.3,ood_test,,,44.03325343132019,0.9188888888888889,0.9193480676626744,0.9188103052831382,0.9213362068965517,0.972460797629337,0.9558651143869504,0.20653341111397655,0.05768826504485218,0.06140253374890589,0.3008110388102067
classical_ext,svc,8,matern25_med_x3__svc__d8,matern25_med_x3,id_val,100.0,0.8890542423866098,0.16395998001098633,0.8923418423973363,0.8936651583710407,0.8920354244672927,0.8977871443624869,0.9716874180542001,0.9683864560243453,,,,
classical_ext,svc,8,matern25_med_x3__svc__d8,matern25_med_x3,id_test,100.0,0.8890542423866098,0.16395998001098633,0.8898776418242491,0.8912059729277446,0.8895628101357866,0.8954593453009504,0.9671845448514195,0.9523730140639073,,,,
classical_ext,svc,8,matern25_med_x3__svc__d8,matern25_med_x3,ood_test,100.0,0.8890542423866098,0.16395998001098633,0.9188888888888889,0.9194221508828251,0.9187729648733254,0.9218415417558886,0.9751055685887146,0.9668702212373549,,,,
classical_ext,gpc,8,matern25_med_x3__gpc__d8,matern25_med_x3,id_val,,,36.91129994392395,0.8801331853496115,0.8815987933634992,0.8796848571174218,0.8870292887029289,0.9623369709874899,0.9615288103789293,0.3031023536679505,0.08854650319281492,0.12822742756771136,0.43662831361604976
classical_ext,gpc,8,matern25_med_x3__gpc__d8,matern25_med_x3,id_test,,,36.91129994392395,0.8754171301446051,0.8769296656071454,0.874914280603067,0.8828451882845189,0.9551535315727455,0.9533154572333412,0.3143869749810297,0.09277407278965943,0.1317156129289692,0.4473508052746325
classical_ext,gpc,8,matern25_med_x3__gpc__d8,matern25_med_x3,ood_test,,,36.91129994392395,0.8127777777777778,0.8130942091616249,0.8127069648246636,0.8163487738419618,0.8828126929250525,0.8053629387845346,0.3907342549432969,0.12754211065633286,0.11532938919612407,0.42648763336709256
classical_ext,svc,8,matern25_med_x10__svc__d8,matern25_med_x10,id_val,100.0,0.86263749504703,0.18448853492736816,0.8845726970033296,0.8866683425506955,0.8835361730899256,0.8945233265720081,0.9385542049901912,0.9229089678865465,,,,
classical_ext,svc,8,matern25_med_x10__svc__d8,matern25_med_x10,id_test,100.0,0.86263749504703,0.18448853492736816,0.8832035595105673,0.8853711790393013,0.8820736154471758,0.8936170212765957,0.9337205042133301,0.9085381418838305,,,,
classical_ext,svc,8,matern25_med_x10__svc__d8,matern25_med_x10,ood_test,100.0,0.86263749504703,0.18448853492736816,0.8905555555555555,0.8916718113347326,0.8896506568835616,0.8996434029546613,0.9530250648228176,0.9248034289609409,,,,
classical_ext,gpc,8,matern25_med_x10__gpc__d8,matern25_med_x10,id_val,,,23.983397722244263,0.8745837957824639,0.875523713759008,0.8744445992790735,0.878625134264232,0.9446613235540573,0.9496025086512638,0.43513072385305246,0.13122826555495123,0.2151080000148654,0.6014027042040595
classical_ext,gpc,8,matern25_med_x10__gpc__d8,matern25_med_x10,id_test,,,23.983397722244263,0.8598442714126807,0.8606778956123935,0.8597358019554816,0.8636363636363636,0.9320668587667963,0.9401166866866209,0.44728043102320353,0.1369178150797874,0.21616935982969068,0.6049631306067574
classical_ext,gpc,8,matern25_med_x10__gpc__d8,matern25_med_x10,ood_test,,,23.983397722244263,0.6861111111111111,0.6851277935547598,0.6831845775373816,0.6527350952673633,0.849406099518459,0.751238599684391,0.532909640803844,0.17747803054921354,0.25649540256571285,0.6035506974835245
quantum,svc,8,zz_r1_full__as0.5__svc__d8,zz_r1_full__as0.5,id_val,1.0,0.8974200287501664,0.22804713249206543,0.8801331853496115,0.8808446455505279,0.8800798580301685,0.8826086956521739,0.9558404558404557,0.9497005337284787,,,,
quantum,svc,8,zz_r1_full__as0.5__svc__d8,zz_r1_full__as0.5,id_test,1.0,0.8974200287501664,0.22804713249206543,0.8787541713014461,0.879321015160067,0.8787325646581863,0.8803512623490669,0.9545049460832368,0.9431003640334668,,,,
quantum,svc,8,zz_r1_full__as0.5__svc__d8,zz_r1_full__as0.5,ood_test,1.0,0.8974200287501664,0.22804713249206543,0.9422222222222222,0.9422274354858624,0.942216443866609,0.941638608305275,0.977531794048648,0.9711670738611267,,,,
quantum,gpc,8,zz_r1_full__as0.5__gpc__d8,zz_r1_full__as0.5,id_val,,,42.834766149520874,0.8934517203107658,0.8940841293782471,0.8934221810403462,0.8951965065502183,0.9692130245763464,0.9677238652450703,0.2430985805611982,0.07188080565111298,0.05542873221337636,0.3480662652183234
quantum,gpc,8,zz_r1_full__as0.5__gpc__d8,zz_r1_full__as0.5,id_test,,,42.834766149520874,0.8832035595105673,0.8836878273871411,0.8831943098756769,0.8842337375964718,0.9638624008555388,0.9607772319175898,0.25519991992132074,0.0765896697885067,0.05269938387356753,0.3510609296825815
quantum,gpc,8,zz_r1_full__as0.5__gpc__d8,zz_r1_full__as0.5,ood_test,,,42.834766149520874,0.9322222222222222,0.932152117545376,0.9322033898305084,0.9310734463276836,0.9750463020125941,0.9581494043422798,0.24833227382958167,0.06809871087001941,0.114570645729825,0.3866321410208088
quantum,svc,8,zz_r2_full__as0.5__svc__d8,zz_r2_full__as0.5,id_val,1.0,0.8827798859785467,0.2576563358306885,0.881243063263041,0.8818082788671024,0.8812219940196413,0.882803943044907,0.9595421879158905,0.9597785847159669,,,,
quantum,svc,8,zz_r2_full__as0.5__svc__d8,zz_r2_full__as0.5,id_test,1.0,0.8827798859785467,0.2576563358306885,0.8843159065628476,0.8847795304439097,0.8843088923865807,0.8852097130242825,0.9524156096208498,0.9397146441714315,,,,
quantum,svc,8,zz_r2_full__as0.5__svc__d8,zz_r2_full__as0.5,ood_test,1.0,0.8827798859785467,0.2576563358306885,0.935,0.9348376342758364,0.934959349593496,0.9333333333333333,0.9751759476478578,0.9592608373875201,,,,
quantum,gpc,8,zz_r2_full__as0.5__gpc__d8,zz_r2_full__as0.5,id_val,,,39.68549823760986,0.8790233074361821,0.8793782470253059,0.8790227113428604,0.8792912513842747,0.9674040556393497,0.9663872268811426,0.2832907487712001,0.08373363086881189,0.08758039988311357,0.4059523402057937
quantum,gpc,8,zz_r2_full__as0.5__gpc__d8,zz_r2_full__as0.5,id_test,,,39.68549823760986,0.8843159065628476,0.8845270276960857,0.8843123280077607,0.883668903803132,0.9630949905435247,0.9606509919891678,0.2950666732770877,0.08818582434789356,0.08729100293942132,0.40713579509287695
quantum,gpc,8,zz_r2_full__as0.5__gpc__d8,zz_r2_full__as0.5,ood_test,,,39.68549823760986,0.9027777777777778,0.9022410174095568,0.9024458225907602,0.8967551622418879,0.9749944437584886,0.9591254197554412,0.29924935562692956,0.08616306153093378,0.1742772443771181,0.4405183978844828
quantum,svc,8,pauli_xz_r1_full__as0.5__svc__d8,pauli_xz_r1_full__as0.5,id_val,100.0,0.9004305275409656,0.1753520965576172,0.9123196448390677,0.912435059493883,0.9123088427881696,0.9113355780022446,0.9737822730902316,0.9698849384768605,,,,
quantum,svc,8,pauli_xz_r1_full__as0.5__svc__d8,pauli_xz_r1_full__as0.5,id_test,100.0,0.9004305275409656,0.1753520965576172,0.9010011123470523,0.9009446573389182,0.9009614087292992,0.8989784335981839,0.9636495063818831,0.9477191139012047,,,,
quantum,svc,8,pauli_xz_r1_full__as0.5__svc__d8,pauli_xz_r1_full__as0.5,ood_test,100.0,0.9004305275409656,0.1753520965576172,0.9405555555555556,0.9407025558710952,0.9405550968757475,0.9407202216066483,0.9808408445487098,0.9744393186581838,,,,
quantum,gpc,8,pauli_xz_r1_full__as0.5__gpc__d8,pauli_xz_r1_full__as0.5,id_val,,,41.18972373008728,0.8956714761376249,0.8967236467236467,0.8955138074653086,0.8995726495726496,0.9683947988446259,0.9663071285248763,0.2241441284288117,0.06849001786685134,0.043818967979546763,0.29575142362230394
quantum,gpc,8,pauli_xz_r1_full__as0.5__gpc__d8,pauli_xz_r1_full__as0.5,id_test,,,41.18972373008728,0.8876529477196885,0.8886438126924714,0.8875104221255066,0.8915145005370569,0.967070671063185,0.9642981178434753,0.22864741569395616,0.0698932831436911,0.03790909022315177,0.303968547216608
quantum,gpc,8,pauli_xz_r1_full__as0.5__gpc__d8,pauli_xz_r1_full__as0.5,ood_test,,,41.18972373008728,0.91,0.9105692060748241,0.9098476313670883,0.9135538954108858,0.9447079886405729,0.8926342418887021,0.25042116492938093,0.07460180091961678,0.08303268936546815,0.28965842903701267
quantum,svc,8,zmap_r2__as0.5__svc__d8,zmap_r2__as0.5,id_val,100.0,0.904156681051556,0.24375176429748535,0.9056603773584906,0.9056058320764203,0.905622710193881,0.9037372593431483,0.9711501493508415,0.964813433428834,,,,
quantum,svc,8,zmap_r2__as0.5__svc__d8,zmap_r2__as0.5,id_test,100.0,0.904156681051556,0.24375176429748535,0.8954393770856507,0.8951494717246433,0.8953304597701149,0.8919540229885058,0.9595005396627355,0.9420248640606543,,,,
quantum,svc,8,zmap_r2__as0.5__svc__d8,zmap_r2__as0.5,ood_test,100.0,0.904156681051556,0.24375176429748535,0.9366666666666666,0.9367576243980739,0.9366663539079205,0.9365256124721604,0.9781837263859736,0.9724121688526955,,,,
quantum,gpc,8,zmap_r2__as0.5__gpc__d8,zmap_r2__as0.5,id_val,,,35.83133625984192,0.8923418423973363,0.8933299815652757,0.8922058716515144,0.8960342979635584,0.968478593046067,0.9661672568071071,0.22183569171697218,0.06828218350740448,0.0422236413592499,0.28968847996554287
quantum,gpc,8,zmap_r2__as0.5__gpc__d8,zmap_r2__as0.5,id_test,,,35.83133625984192,0.8843159065628476,0.8851162007743417,0.8842401370853514,0.8872017353579176,0.966233946271376,0.9636410229135648,0.22645826620205395,0.06983654414819208,0.04993027737343085,0.29755318681907017
quantum,gpc,8,zmap_r2__as0.5__gpc__d8,zmap_r2__as0.5,ood_test,,,35.83133625984192,0.91,0.9105445116681072,0.9098636827300547,0.9133689839572192,0.9528818372638597,0.9073179592496087,0.2294073968000116,0.06728903110495488,0.068907314428825,0.2865586456759448
quantum,svc,8,zz_r1_full__svc__d8,zz_r1_full,id_val,1.0,0.8942739532361168,0.18728160858154297,0.8845726970033296,0.8854114295290766,0.8844837618469974,0.8876889848812095,0.956210136140932,0.9513182981457555,,,,
quantum,svc,8,zz_r1_full__svc__d8,zz_r1_full,id_test,1.0,0.8942739532361168,0.18728160858154297,0.8876529477196885,0.8882650585707355,0.8876256953855484,0.8893756845564075,0.9532869916525561,0.9375191114566719,,,,
quantum,svc,8,zz_r1_full__svc__d8,zz_r1_full,ood_test,1.0,0.8942739532361168,0.18728160858154297,0.9455555555555556,0.9455241387825657,0.9455458748221905,0.9448198198198198,0.9746240276577354,0.9574182126365758,,,,
quantum,gpc,8,zz_r1_full__gpc__d8,zz_r1_full,id_val,,,33.80302309989929,0.8801331853496115,0.880718954248366,0.880108226388314,0.8818380743982495,0.9664379577874388,0.9654681627875226,0.2700194139616185,0.07939598136560347,0.07296410651541806,0.3913764214602427
quantum,gpc,8,zz_r1_full__gpc__d8,zz_r1_full,id_test,,,33.80302309989929,0.8787541713014461,0.879278931368763,0.878739167505052,0.8800880088008801,0.9623028250601552,0.959299209212519,0.28166065494998277,0.08356278792131648,0.07125332287046685,0.39379961046248596
quantum,gpc,8,zz_r1_full__gpc__d8,zz_r1_full,ood_test,,,33.80302309989929,0.93,0.9298431905173479,0.9299581478315437,0.928246013667426,0.9720632176811951,0.9560838203753104,0.2857909940612609,0.08050414675604536,0.14837989656538597,0.4321441615514835
quantum,svc,8,zz_r2_full__svc__d8,zz_r2_full,id_val,10.0,0.8469840763191325,0.3376626968383789,0.8845726970033296,0.8848667672197084,0.8845725548164572,0.8844444444444445,0.9380366525695245,0.9352999792959352,,,,
quantum,svc,8,zz_r2_full__svc__d8,zz_r2_full,id_test,10.0,0.8469840763191325,0.3376626968383789,0.8776418242491657,0.8773876362772183,0.8775313571244576,0.8738532110091743,0.9411767618255453,0.9442070612910556,,,,
quantum,svc,8,zz_r2_full__svc__d8,zz_r2_full,ood_test,10.0,0.8469840763191325,0.3376626968383789,0.8683333333333333,0.8674712927521916,0.8673239717841069,0.8557516737674985,0.9551092727497221,0.9349597294997124,,,,
quantum,gpc,8,zz_r2_full__gpc__d8,zz_r2_full,id_val,,,37.937825441360474,0.8634850166481687,0.862493715434892,0.8628355221874431,0.8533969010727056,0.9595224716331983,0.9595386459595301,0.33553126884342527,0.10313562877761764,0.12527370421294093,0.45565194642687334
quantum,gpc,8,zz_r2_full__gpc__d8,zz_r2_full,id_test,,,37.937825441360474,0.8576195773081201,0.8564744675162641,0.8567758637857215,0.8457831325301205,0.9555991246571408,0.9533372005299228,0.34940153415750036,0.10879373314797935,0.12710177960617008,0.45656031002594044
quantum,gpc,8,zz_r2_full__gpc__d8,zz_r2_full,ood_test,,,37.937825441360474,0.7816666666666666,0.7797320656871218,0.7741205501445034,0.7328348062542488,0.9661118656624277,0.9511977519949399,0.3805605480704907,0.11909084358485514,0.2224147001695044,0.4963499984899297
quantum,svc,8,pauli_xz_r1_full__svc__d8,pauli_xz_r1_full,id_val,10.0,0.8999653440931773,0.11453127861022949,0.9034406215316315,0.9036785654432713,0.9034387183798666,0.903010033444816,0.9645649109316929,0.9633467223824929,,,,
quantum,svc,8,pauli_xz_r1_full__svc__d8,pauli_xz_r1_full,id_test,10.0,0.8999653440931773,0.11453127861022949,0.896551724137931,0.8965357613205398,0.8965189462153984,0.8946772366930917,0.9574854687144143,0.9412752982926859,,,,
quantum,svc,8,pauli_xz_r1_full__svc__d8,pauli_xz_r1_full,ood_test,10.0,0.8999653440931773,0.11453127861022949,0.9377777777777778,0.9378812199036919,0.9377777009601247,0.9377085650723026,0.9768354117792319,0.9711519419252929,,,,
quantum,gpc,8,pauli_xz_r1_full__gpc__d8,pauli_xz_r1_full,id_val,,,40.063153982162476,0.8856825749167592,0.8863331657449305,0.8856465137484675,0.8876772082878953,0.9676948708090577,0.9644897025168767,0.22413088306757295,0.06879017619528702,0.05068058434199493,0.2970083151030247
quantum,gpc,8,pauli_xz_r1_full__gpc__d8,pauli_xz_r1_full,id_test,,,40.063153982162476,0.8843159065628476,0.8847795304439097,0.8843088923865807,0.8852097130242825,0.966139876620226,0.9624365646550306,0.2272995742645162,0.06953538571460013,0.042742393197392335,0.3028280757890648
quantum,gpc,8,pauli_xz_r1_full__gpc__d8,pauli_xz_r1_full,ood_test,,,40.063153982162476,0.915,0.9155266082232374,0.9148820696328956,0.9180503481521157,0.9720125941474256,0.9560495291421449,0.20337176894794,0.05772430607469182,0.05909795872038134,0.2849247898282897
quantum,svc,8,zmap_r2__svc__d8,zmap_r2,id_val,10.0,0.9013738542852814,0.17909932136535645,0.9034406215316315,0.9036785654432713,0.9034387183798666,0.903010033444816,0.966536539200899,0.9591707807131807,,,,
quantum,svc,8,zmap_r2__svc__d8,zmap_r2,id_test,10.0,0.9013738542852814,0.17909932136535645,0.9021134593993326,0.9020784441869907,0.9020784441869907,0.9002267573696145,0.9597629444791017,0.9467293411635338,,,,
quantum,svc,8,zmap_r2__svc__d8,zmap_r2,ood_test,10.0,0.9013738542852814,0.17909932136535645,0.9477777777777778,0.9478701074206692,0.9477775198889871,0.9476614699331849,0.9771564390665515,0.959782710023424,,,,
quantum,gpc,8,zmap_r2__gpc__d8,zmap_r2,id_val,,,41.3543496131897,0.8901220865704772,0.891025641025641,0.8900158689645223,0.8934337997847147,0.969385542049902,0.9666581537583014,0.22298942957181217,0.06738187417949762,0.049264961256862874,0.3040198099479879
quantum,gpc,8,zmap_r2__gpc__d8,zmap_r2,id_test,,,41.3543496131897,0.8798665183537263,0.8803285506342275,0.8798592344014492,0.8807947019867549,0.9632880808800958,0.9584819598536316,0.23670457133107775,0.07235619413313261,0.04425729329404372,0.30990106892241504
quantum,gpc,8,zmap_r2__gpc__d8,zmap_r2,ood_test,,,41.3543496131897,0.9138888888888889,0.9143412767008272,0.9138084168089033,0.9164420485175202,0.9682886776145203,0.9414030175187695,0.20892359038443162,0.05871942699956381,0.06307315429690473,0.30308139120385624
quantum,svc,8,zz_r1_full__as2__svc__d8,zz_r1_full__as2,id_val,1.0,0.8827773171232435,0.28415465354919434,0.8712541620421753,0.8720462543991956,0.8711702117169088,0.8744588744588745,0.9570431490846716,0.954140630637252,,,,
quantum,svc,8,zz_r1_full__as2__svc__d8,zz_r1_full__as2,id_test,1.0,0.8827773171232435,0.28415465354919434,0.8776418242491657,0.8781451445206904,0.8776295599663416,0.8788546255506607,0.9564507025517629,0.945316443565318,,,,
quantum,svc,8,zz_r1_full__as2__svc__d8,zz_r1_full__as2,ood_test,1.0,0.8827773171232435,0.28415465354919434,0.9355555555555556,0.9354611680454377,0.9355325542076124,0.9343148357870895,0.9713310285220398,0.9531535815825266,,,,
quantum,gpc,8,zz_r1_full__as2__gpc__d8,zz_r1_full__as2,id_val,,,42.75511050224304,0.8756936736958935,0.8758588905647728,0.8756861701603446,0.8747203579418344,0.9622531767860488,0.9609553202748374,0.3044032989234109,0.09069906339098209,0.1062550352763675,0.4339598611647626
quantum,gpc,8,zz_r1_full__as2__gpc__d8,zz_r1_full__as2,id_test,,,42.75511050224304,0.882091212458287,0.8820069512521165,0.8820385224796989,0.8795454545454545,0.9619711057639941,0.9584592023859567,0.3148608687718705,0.09437865841572465,0.10630332318161437,0.43708269809368666
quantum,gpc,8,zz_r1_full__as2__gpc__d8,zz_r1_full__as2,ood_test,,,42.75511050224304,0.85,0.8490801333497963,0.848713316092047,0.8347613219094248,0.9632892949746882,0.9476486317932952,0.3397392997942519,0.10215636508837816,0.1904450423512865,0.4727648298987971
quantum,svc,8,zz_r2_full__as2__svc__d8,zz_r2_full__as2,id_val,100.0,0.8254734188441699,0.5913779735565186,0.8679245283018868,0.8674375733199262,0.8676891789668011,0.8621089223638471,0.9454204004377014,0.938119687180958,,,,
quantum,svc,8,zz_r2_full__as2__svc__d8,zz_r2_full__as2,id_test,100.0,0.8254734188441699,0.5913779735565186,0.8498331479421579,0.8488746299101882,0.8491612612959716,0.8390941597139452,0.9341809504005387,0.9429556296622854,,,,
quantum,svc,8,zz_r2_full__as2__svc__d8,zz_r2_full__as2,ood_test,100.0,0.8254734188441699,0.5913779735565186,0.8072222222222222,0.8057476231633536,0.8032740415278861,0.7754045307443366,0.9371700209902457,0.9058278451169273,,,,
quantum,gpc,8,zz_r2_full__as2__gpc__d8,zz_r2_full__as2,id_val,,,36.47928714752197,0.8523862375138734,0.8506787330316742,0.8506912040469233,0.8347826086956521,0.9592957343822396,0.9587133347351987,0.3643894536574056,0.11351478264096079,0.13758463253910694,0.4870203248813666
quantum,gpc,8,zz_r2_full__as2__gpc__d8,zz_r2_full__as2,id_test,,,36.47928714752197,0.8431590656284761,0.8411460654130648,0.8407752282687749,0.8212927756653993,0.9454148471615721,0.9443815199641283,0.38213194541098033,0.12136275256644524,0.11592592836492056,0.48706527100106967
quantum,gpc,8,zz_r2_full__as2__gpc__d8,zz_r2_full__as2,ood_test,,,36.47928714752197,0.7422222222222222,0.7397333004074578,0.727528614062812,0.6642547033285094,0.9528546734164712,0.9393683987341288,0.4235146861434373,0.13671344138754096,0.21458165782819355,0.526311559495954
quantum,svc,8,pauli_xz_r1_full__as2__svc__d8,pauli_xz_r1_full__as2,id_val,1.0,0.8954688929659034,0.1621699333190918,0.8990011098779135,0.8994469582704877,0.8989966307983221,0.8996692392502756,0.9641015782884295,0.9474440270814297,,,,
quantum,svc,8,pauli_xz_r1_full__as2__svc__d8,pauli_xz_r1_full__as2,id_test,1.0,0.8954688929659034,0.1621699333190918,0.8854282536151279,0.8857870659180702,0.8854276865665178,0.8856825749167592,0.9545742605630315,0.9515588894935985,,,,
quantum,svc,8,pauli_xz_r1_full__as2__svc__d8,pauli_xz_r1_full__as2,ood_test,1.0,0.8954688929659034,0.1621699333190918,0.9461111111111111,0.9462094085689592,0.9461109614193373,0.9460211463550362,0.9782059513520188,0.9619366254124534,,,,
quantum,gpc,8,pauli_xz_r1_full__as2__gpc__d8,pauli_xz_r1_full__as2,id_val,,,37.8729202747345,0.8879023307436182,0.8883442265795207,0.8878973594574784,0.8886438809261301,0.9682814302191465,0.965142219737658,0.23326675398518582,0.07024523977575974,0.047685547601066046,0.31953065492422894
quantum,gpc,8,pauli_xz_r1_full__as2__gpc__d8,pauli_xz_r1_full__as2,id_test,,,37.8729202747345,0.8787541713014461,0.8789422610383308,0.8787487703624879,0.8779395296752519,0.9634316608739566,0.9605630378987731,0.24623848478251173,0.07552156597492506,0.04327252946667731,0.3231649650063005
quantum,gpc,8,pauli_xz_r1_full__as2__gpc__d8,pauli_xz_r1_full__as2,ood_test,,,37.8729202747345,0.94,0.9400543276947771,0.9399981480909905,0.9396648044692737,0.9742437337942956,0.9503833634437671,0.20471762182576453,0.053182428696166795,0.07689130305221184,0.3294418730258063
quantum,svc,8,zmap_r2__as2__svc__d8,zmap_r2__as2,id_val,1.0,0.8924325059973228,0.20970678329467773,0.8879023307436182,0.887967152673035,0.8878824429531194,0.8863892013498312,0.9664280996460927,0.9599657521613474,,,,
quantum,svc,8,zmap_r2__as2__svc__d8,zmap_r2__as2,id_test,1.0,0.8924325059973228,0.20970678329467773,0.8787541713014461,0.8788160096644189,0.8787325646581863,0.8771138669673055,0.9512917248413193,0.9430558059684427,,,,
quantum,svc,8,zmap_r2__as2__svc__d8,zmap_r2__as2,ood_test,1.0,0.8924325059973228,0.20970678329467773,0.9377777777777778,0.9377824422768243,0.937771554933271,0.9371492704826038,0.9769329546857637,0.969083708771811,,,,
quantum,gpc,8,zmap_r2__as2__gpc__d8,zmap_r2__as2,id_val,,,42.3455114364624,0.881243063263041,0.8809703368526898,0.8811282624162009,0.8774341351660939,0.9672906870138703,0.9657979194522717,0.23858878634386846,0.07201139184921054,0.057083153871023175,0.32320288364838884
quantum,gpc,8,zmap_r2__as2__gpc__d8,zmap_r2__as2,id_test,,,42.3455114364624,0.8765294771968855,0.8765063521769698,0.876490355160314,0.8742921857304643,0.9643723573854579,0.9624624206857879,0.24788241375293457,0.07579797609914199,0.0450887897937126,0.31971121797601293
quantum,gpc,8,zmap_r2__as2__gpc__d8,zmap_r2__as2,ood_test,,,42.3455114364624,0.9316666666666666,0.9315656253858501,0.9316408209894174,0.9303116147308782,0.9720743301642176,0.9398572889515098,0.22349454520971582,0.05846722337143832,0.07621279638170342,0.34424426204504965
classical_ext,svc,10,linear__svc__d10,linear,id_val,100.0,0.8291869206986139,1.0588352680206299,0.8668146503884573,0.8676051617228088,0.8667278052243883,0.8701298701298701,0.9004771340411478,0.8323749073784863,,,,
classical_ext,svc,10,linear__svc__d10,linear,id_test,100.0,0.8291869206986139,1.0588352680206299,0.8509454949944383,0.8516496846191168,0.8508788869082987,0.8540305010893247,0.8828189208725702,0.8013018158692657,,,,
classical_ext,svc,10,linear__svc__d10,linear,ood_test,100.0,0.8291869206986139,1.0588352680206299,0.7216666666666667,0.720292628719595,0.7167563228073349,0.6794625719769674,0.8505012964563526,0.7304022880085765,,,,
classical_ext,gpc,10,linear__gpc__d10,linear,id_val,,,36.43584132194519,0.8745837957824639,0.875062845651081,0.874573907558729,0.8756875687568757,0.9359960173108962,0.9168045635161753,0.3558143233732069,0.10582580604777704,0.10635375967001184,0.4706468673540172
classical_ext,gpc,10,linear__gpc__d10,linear,id_test,,,36.43584132194519,0.8498331479421579,0.8499688084840923,0.8498212555544419,0.8484848484848485,0.9233777936210874,0.9083612997319037,0.3816335518812446,0.11636690153248715,0.10385743915537073,0.48568322972204653
classical_ext,gpc,10,linear__gpc__d10,linear,ood_test,,,36.43584132194519,0.6761111111111111,0.6747067539202372,0.6701990214081502,0.6260423348300193,0.8266440301271761,0.7698494160507189,0.5858545528673047,0.2050835630198836,0.17234963357538352,0.42157703095811283
classical_ext,svc,10,rbf_gscale__svc__d10,rbf_gscale,id_val,100.0,0.8991628000753951,0.20254898071289062,0.9089900110987791,0.9089576001340707,0.9089576001340707,0.9072398190045249,0.9770699632291328,0.9760352301841375,,,,
classical_ext,svc,10,rbf_gscale__svc__d10,rbf_gscale,id_test,100.0,0.8991628000753951,0.20254898071289062,0.8987764182424917,0.8985087484775569,0.8986781303836804,0.8955223880597015,0.966233946271376,0.9529116218063388,,,,
classical_ext,svc,10,rbf_gscale__svc__d10,rbf_gscale,ood_test,100.0,0.8991628000753951,0.20254898071289062,0.9388888888888889,0.93884430176565,0.9388761358851414,0.9379932356257046,0.9789529571552044,0.9744454234547231,,,,
classical_ext,gpc,10,rbf_gscale__gpc__d10,rbf_gscale,id_val,,,43.52720904350281,0.8967813540510544,0.8976453829395006,0.8966953305594082,0.8996763754045307,0.9701347607922002,0.9673355362377832,0.2159980738437128,0.06602766657210211,0.03512803729193869,0.28775576310676015
classical_ext,gpc,10,rbf_gscale__gpc__d10,rbf_gscale,id_test,,,43.52720904350281,0.8865406006674083,0.8875521096357029,0.8863875149917235,0.8905579399141631,0.9670756220974562,0.9637138888434484,0.22717874670953947,0.07006626701355875,0.04183652415596442,0.2975815665282674
classical_ext,gpc,10,rbf_gscale__gpc__d10,rbf_gscale,ood_test,,,43.52720904350281,0.9388888888888889,0.9394122731201383,0.9388066177861347,0.9410503751339764,0.9720496357575008,0.9444450868693098,0.19461692141167206,0.052799298786921856,0.06914739074614973,0.283286364249023
classical_ext,svc,10,poly2__svc__d10,poly2,id_val,100.0,0.8923754010618776,0.1929490566253662,0.8956714761376249,0.8967236467236467,0.8955138074653086,0.8995726495726496,0.9701396898628732,0.9650666139296857,,,,
classical_ext,svc,10,poly2__svc__d10,poly2,id_test,100.0,0.8923754010618776,0.1929490566253662,0.8876529477196885,0.8887700640663835,0.8874518597297576,0.8922091782283885,0.963139549851964,0.9596606919202703,,,,
classical_ext,svc,10,poly2__svc__d10,poly2,ood_test,100.0,0.8923754010618776,0.1929490566253662,0.9466666666666667,0.9468576367452772,0.9466642961909417,0.9470198675496688,0.9795369798740585,0.9739929565743253,,,,
classical_ext,gpc,10,poly2__gpc__d10,poly2,id_val,,,33.146273374557495,0.8823529411764706,0.8838193397016927,0.8819129153189511,0.8891213389121339,0.9654028529461056,0.9637870600862977,0.278396632106715,0.08096580625747385,0.10283014599211195,0.4066260809681213
classical_ext,gpc,10,poly2__gpc__d10,poly2,id_test,,,33.146273374557495,0.8765294771968855,0.8781055362465219,0.8759770370655766,0.8842544316996872,0.9594807355256514,0.9576614921370787,0.29128712662838446,0.08593316953509948,0.10785189761830574,0.41682591197304275
classical_ext,gpc,10,poly2__gpc__d10,poly2,ood_test,,,33.146273374557495,0.8133333333333334,0.8137300901345845,0.813200498132005,0.8181818181818182,0.9018236819360416,0.8574557556218425,0.35907371393177157,0.11858887938993519,0.11645497853553052,0.38753826149345294
classical_ext,svc,10,poly3__svc__d10,poly3,id_val,100.0,0.8934908498669903,0.16363048553466797,0.897891231964484,0.8987766046589576,0.8977994555353902,0.9008620689655172,0.9725253600686127,0.9696918382848099,,,,
classical_ext,svc,10,poly3__svc__d10,poly3,id_test,100.0,0.8934908498669903,0.16363048553466797,0.8887652947719689,0.889567180584024,0.8886924395051456,0.8915401301518439,0.9630553822693562,0.9611178585103238,,,,
classical_ext,svc,10,poly3__svc__d10,poly3,ood_test,100.0,0.8934908498669903,0.16363048553466797,0.9427777777777778,0.942863316458822,0.9427773362448784,0.9426183844011142,0.9793777009507347,0.9750575273069773,,,,
classical_ext,gpc,10,poly3__gpc__d10,poly3,id_val,,,33.52600455284119,0.8823529411764706,0.8839450310038546,0.8818112068112068,0.8898128898128899,0.96714281489368,0.9649947774296537,0.2561256270850079,0.07437099385668554,0.08215549775387791,0.37800330550430133
classical_ext,gpc,10,poly3__gpc__d10,poly3,id_test,,,33.52600455284119,0.8754171301446051,0.8770138331897533,0.874840891010342,0.8833333333333333,0.96012932101516,0.9581193761795436,0.26832851454668016,0.07903306468910153,0.0895031859084407,0.3886169002579241
classical_ext,gpc,10,poly3__gpc__d10,poly3,ood_test,,,33.52600455284119,0.8466666666666667,0.8471910112359551,0.8464475226372452,0.8522483940042827,0.926178540560563,0.8864795255381525,0.3017687679773855,0.09552411890845845,0.08988712087106511,0.3628058556123006
classical_ext,svc,10,laplacian_med__svc__d10,laplacian_med,id_val,10.0,0.9013662755492536,0.18070101737976074,0.9100998890122086,0.9100469247528071,0.9100639944200514,0.9082672706681767,0.9709381993119017,0.967020825498162,,,,
classical_ext,svc,10,laplacian_med__svc__d10,laplacian_med,id_test,10.0,0.9013662755492536,0.18070101737976074,0.914349276974416,0.9143396805592688,0.914322138264362,0.912797281993205,0.9679915634376021,0.9546918716735696,,,,
classical_ext,svc,10,laplacian_med__svc__d10,laplacian_med,ood_test,10.0,0.9013662755492536,0.18070101737976074,0.9477777777777778,0.9477836769971602,0.9477725550332812,0.9472502805836139,0.9830645758735647,0.9799079805135408,,,,
classical_ext,gpc,10,laplacian_med__gpc__d10,laplacian_med,id_val,,,44.43138861656189,0.8945615982241953,0.8949639684933802,0.8945595200699693,0.8950276243093923,0.9735013160618695,0.9731050597604589,0.2103602528269007,0.06420779855787179,0.04568889629813323,0.2929530077528072
classical_ext,gpc,10,laplacian_med__gpc__d10,laplacian_med,id_test,,,44.43138861656189,0.9010011123470523,0.9015338304171742,0.9009888615408223,0.9020902090209021,0.9711800295081643,0.9692704396253646,0.22103734988639828,0.06739322072188837,0.04461593755207158,0.30100041027548635
classical_ext,gpc,10,laplacian_med__gpc__d10,laplacian_med,ood_test,,,44.43138861656189,0.95,0.950253117668848,0.949992529748271,0.9506037321624589,0.9782417582417582,0.9588892910865422,0.1900910238796938,0.049827951839244954,0.07135623588600785,0.3007222645100037
classical_ext,svc,10,matern15_med__svc__d10,matern15_med,id_val,10.0,0.8961043142970473,0.13860082626342773,0.9001109877913429,0.9002849002849003,0.9001049581645626,0.8993288590604027,0.9711205749268033,0.9693702474237792,,,,
classical_ext,svc,10,matern15_med__svc__d10,matern15_med,id_test,10.0,0.8961043142970473,0.13860082626342773,0.8909899888765295,0.890950994662785,0.890950994662785,0.8888888888888888,0.9646397132360949,0.9519684007476137,,,,
classical_ext,svc,10,matern15_med__svc__d10,matern15_med,ood_test,10.0,0.8961043142970473,0.13860082626342773,0.945,0.9450858130633412,0.9449995756140093,0.9448467966573816,0.9828571428571428,0.9788018787390852,,,,
classical_ext,gpc,10,matern15_med__gpc__d10,matern15_med,id_val,,,40.97769856452942,0.9001109877913429,0.9013323278029161,0.8998829560270238,0.9046610169491526,0.970361498043159,0.9673782656701678,0.2199221994476652,0.06666347019519621,0.04116253287442111,0.30068891989750873
classical_ext,gpc,10,matern15_med__gpc__d10,matern15_med,id_test,,,40.97769856452942,0.8921023359288098,0.8932210438760657,0.8919092118196681,0.8964781216648879,0.9668528255552585,0.9637401538015288,0.2301227026982006,0.07033927202170114,0.041469975213774296,0.3102983791569765
classical_ext,gpc,10,matern15_med__gpc__d10,matern15_med,ood_test,,,40.97769856452942,0.9383333333333334,0.9389369057908383,0.938214319619984,0.940926024481107,0.9734275836523028,0.9498493714143341,0.2020891392560171,0.05483944915827692,0.07989959030139958,0.301004062554868
classical_ext,svc,10,matern25_med__svc__d10,matern25_med,id_val,100.0,0.9017136348675651,0.1482689380645752,0.9100998890122086,0.9101307189542484,0.9100781784242334,0.9086809470124013,0.9737132661008093,0.9651109896853866,,,,
classical_ext,svc,10,matern25_med__svc__d10,matern25_med,id_test,100.0,0.9017136348675651,0.1482689380645752,0.8921023359288098,0.8919164463456417,0.8920253830676366,0.8891428571428571,0.9617037499133567,0.9462269492291571,,,,
classical_ext,svc,10,matern25_med__svc__d10,matern25_med,ood_test,100.0,0.9017136348675651,0.1482689380645752,0.9405555555555556,0.9405173478207186,0.9405440864364267,0.9397183098591549,0.9789220891468082,0.9736094745890331,,,,
classical_ext,gpc,10,matern25_med__gpc__d10,matern25_med,id_val,,,38.18608736991882,0.8901220865704772,0.8915703033350092,0.8897259808254572,0.8963350785340314,0.9696566409369177,0.9670169788235078,0.22388716325649236,0.06747566213543166,0.048355609963077285,0.30841285590740386
classical_ext,gpc,10,matern25_med__gpc__d10,matern25_med,id_test,,,38.18608736991882,0.8865406006674083,0.8880150313400469,0.8861143402187845,0.8930817610062893,0.9654467318222778,0.9623733664219923,0.2341805313415993,0.07127334555002644,0.04102151176417879,0.31842178665774845
classical_ext,gpc,10,matern25_med__gpc__d10,matern25_med,ood_test,,,38.18608736991882,0.9311111111111111,0.9317940486479812,0.9309306781666675,0.9344608879492601,0.9676206939128287,0.9390777139519021,0.21139383919134458,0.058798264471055545,0.06576638780803266,0.30455825735958886
classical_ext,svc,10,rbf_gscale_x0.1__svc__d10,rbf_gscale_x0.1,id_val,100.0,0.8909248208297846,0.1483755111694336,0.8934517203107658,0.8946287916876152,0.893230632498889,0.8980891719745223,0.9696024211595146,0.9645443308289485,,,,
classical_ext,svc,10,rbf_gscale_x0.1__svc__d10,rbf_gscale_x0.1,id_test,100.0,0.8909248208297846,0.1483755111694336,0.8854282536151279,0.8865445741615423,0.8852231836848022,0.8900747065101388,0.9629613126182061,0.9552097864922355,,,,
classical_ext,svc,10,rbf_gscale_x0.1__svc__d10,rbf_gscale_x0.1,ood_test,100.0,0.8909248208297846,0.1483755111694336,0.945,0.9451475490801333,0.9449995756140093,0.9451523545706371,0.9778145450055562,0.9711234204396707,,,,
classical_ext,gpc,10,rbf_gscale_x0.1__gpc__d10,rbf_gscale_x0.1,id_val,,,33.573060512542725,0.8790233074361821,0.8804256745433217,0.8786190036546916,0.8856243441762854,0.9673153323672354,0.9659659341290785,0.2875590522655499,0.08396277448063458,0.11562347302657122,0.4168483187792887
classical_ext,gpc,10,rbf_gscale_x0.1__gpc__d10,rbf_gscale_x0.1,id_test,,,33.573060512542725,0.8754171301446051,0.8769717493984492,0.8748782185107864,0.8830897703549061,0.9597332382734755,0.9583755767142981,0.29877749611948085,0.08823889979088893,0.12533974618173094,0.42610786244137705
classical_ext,gpc,10,rbf_gscale_x0.1__gpc__d10,rbf_gscale_x0.1,ood_test,,,33.573060512542725,0.8144444444444444,0.8148536856402024,0.8143011583011583,0.8194594594594594,0.8924780837140386,0.8290691728955425,0.3634992954496095,0.11791922089322783,0.10920722995679316,0.40210864403573543
classical_ext,svc,10,rbf_gscale_x0.3__svc__d10,rbf_gscale_x0.3,id_val,100.0,0.8981001099897336,0.20294809341430664,0.9001109877913429,0.900536282889224,0.9001079115421002,0.9006622516556292,0.974846952355603,0.9733892632539857,,,,
classical_ext,svc,10,rbf_gscale_x0.3__svc__d10,rbf_gscale_x0.3,id_test,100.0,0.8981001099897336,0.20294809341430664,0.8987764182424917,0.899140005347117,0.8987759172577974,0.8990011098779135,0.9640307360207548,0.9602837820046973,,,,
classical_ext,svc,10,rbf_gscale_x0.3__svc__d10,rbf_gscale_x0.3,ood_test,100.0,0.8981001099897336,0.20294809341430664,0.9438888888888889,0.9439869119644401,0.9438887330242585,0.9437952142459655,0.9787479935794543,0.9749207721513748,,,,
classical_ext,gpc,10,rbf_gscale_x0.3__gpc__d10,rbf_gscale_x0.3,id_val,,,43.837183475494385,0.8823529411764706,0.8840288252052958,0.8817374463827553,0.8902691511387164,0.9688285570638512,0.9666076986395868,0.24245166290357237,0.0716823802592164,0.06822131325881262,0.34668513998654704
classical_ext,gpc,10,rbf_gscale_x0.3__gpc__d10,rbf_gscale_x0.3,id_test,,,43.837183475494385,0.8720800889877642,0.8738649753933596,0.8712997992035365,0.8813209494324046,0.9609759478755111,0.9590697296446662,0.25255820486925334,0.0754020554324674,0.07365097420726079,0.3574448416049446
classical_ext,gpc,10,rbf_gscale_x0.3__gpc__d10,rbf_gscale_x0.3,ood_test,,,43.837183475494385,0.9033333333333333,0.904074577108285,0.9030219259622566,0.9085173501577287,0.9510556858871466,0.915870404931679,0.25634987666954384,0.07707913610343035,0.09366449880357157,0.33263965291835296
classical_ext,svc,10,rbf_gscale_x3__svc__d10,rbf_gscale_x3,id_val,10.0,0.8987900516411711,0.1305537223815918,0.902330743618202,0.9024216524216524,0.9023161837177213,0.9011235955056179,0.9699326688946066,0.9634673543921531,,,,
classical_ext,svc,10,rbf_gscale_x3__svc__d10,rbf_gscale_x3,id_test,10.0,0.8987900516411711,0.1305537223815918,0.8976640711902113,0.8975432967947004,0.8976082004555809,0.8952164009111617,0.9601095168780758,0.9375026527851297,,,,
classical_ext,svc,10,rbf_gscale_x3__svc__d10,rbf_gscale_x3,ood_test,10.0,0.8987900516411711,0.1305537223815918,0.9411111111111111,0.9410914927768861,0.9411023128146303,0.9403824521934758,0.9744894431411285,0.9706641838649885,,,,
classical_ext,gpc,10,rbf_gscale_x3__gpc__d10,rbf_gscale_x3,id_val,,,43.35034918785095,0.8845726970033296,0.8849505614211497,0.8845714173088672,0.8849557522123894,0.9702481294176796,0.9678153580351851,0.2101931669366125,0.06490891205373332,0.040381189307813814,0.27849129318939153
classical_ext,gpc,10,rbf_gscale_x3__gpc__d10,rbf_gscale_x3,id_test,,,43.35034918785095,0.8876529477196885,0.8879283882403034,0.8876523916817312,0.887402452619844,0.9682292130826129,0.964878199846843,0.2212681431648909,0.068367934863879,0.0454612689188695,0.2872128632861504
classical_ext,gpc,10,rbf_gscale_x3__gpc__d10,rbf_gscale_x3,ood_test,,,43.35034918785095,0.9527777777777777,0.9529633288060254,0.9527760141659611,0.9530646051905025,0.9785701938510928,0.95988989858933,0.1821425381704884,0.04746843629809166,0.0663233851723182,0.2795856485851495
classical_ext,svc,10,rbf_gscale_x10__svc__d10,rbf_gscale_x10,id_val,1.0,0.9009266037939769,0.19577884674072266,0.8967813540510544,0.8970588235294117,0.8967808454576698,0.896551724137931,0.9659746251441753,0.9569714741169181,,,,
classical_ext,svc,10,rbf_gscale_x10__svc__d10,rbf_gscale_x10,id_test,1.0,0.9009266037939769,0.19577884674072266,0.8943270300333704,0.8945206903722187,0.894322322792994,0.8936170212765957,0.9578023349077622,0.9346758084857542,,,,
classical_ext,svc,10,rbf_gscale_x10__svc__d10,rbf_gscale_x10,ood_test,1.0,0.9009266037939769,0.19577884674072266,0.94,0.9400419804914186,0.9399973332148095,0.9395973154362416,0.9760204963575749,0.9584359612014862,,,,
classical_ext,gpc,10,rbf_gscale_x10__gpc__d10,rbf_gscale_x10,id_val,,,44.80695080757141,0.8890122086570478,0.8893078598960952,0.8890120719389012,0.8888888888888888,0.9720718855666953,0.971650405910999,0.2234133650718593,0.06718096707086318,0.04644253088134602,0.31501368415688
classical_ext,gpc,10,rbf_gscale_x10__gpc__d10,rbf_gscale_x10,id_test,,,44.80695080757141,0.8898776418242491,0.8898592916060164,0.8898427491970369,0.8878822197055493,0.9690956440800483,0.967411281308302,0.23691767267117853,0.0719204995204769,0.04583791737671351,0.3200702273149937
classical_ext,gpc,10,rbf_gscale_x10__gpc__d10,rbf_gscale_x10,ood_test,,,44.80695080757141,0.9466666666666667,0.9466477342881837,0.9466586983981558,0.9460067491563554,0.9783973330040747,0.9548960158479429,0.2062273029304083,0.05318535118746231,0.10301405918268035,0.3309381405333282
classical_ext,svc,10,laplacian_med_x0.1__svc__d10,laplacian_med_x0.1,id_val,1.0,0.9014390632850373,0.25901341438293457,0.8990011098779135,0.8993212669683257,0.8990011098779135,0.8990011098779135,0.9708494760397874,0.9714505483555118,,,,
classical_ext,svc,10,laplacian_med_x0.1__svc__d10,laplacian_med_x0.1,id_test,1.0,0.9014390632850373,0.25901341438293457,0.9054505005561735,0.9054798047312084,0.9054275654234814,0.903954802259887,0.9666844903900426,0.9662577588295873,,,,
classical_ext,svc,10,laplacian_med_x0.1__svc__d10,laplacian_med_x0.1,ood_test,1.0,0.9014390632850373,0.25901341438293457,0.9366666666666666,0.9365477219409803,0.9366384277437227,0.9353007945516458,0.9797752808988764,0.9670917739804906,,,,
classical_ext,gpc,10,laplacian_med_x0.1__gpc__d10,laplacian_med_x0.1,id_val,,,43.2176947593689,0.9012208657047724,0.9015837104072397,0.9012203789863722,0.9014396456256921,0.974856810496949,0.9745073643226978,0.25893786835665566,0.07468075585182199,0.08805612512074369,0.3941486781895911
classical_ext,gpc,10,laplacian_med_x0.1__gpc__d10,laplacian_med_x0.1,id_test,,,43.2176947593689,0.9054505005561735,0.9054798047312084,0.9054275654234814,0.903954802259887,0.9708334571091901,0.969146151925598,0.26992322870762775,0.07912849175035092,0.0929007754071586,0.39733963111372245
classical_ext,gpc,10,laplacian_med_x0.1__gpc__d10,laplacian_med_x0.1,ood_test,,,43.2176947593689,0.9472222222222222,0.9472342264477096,0.9472175141548119,0.9467190128996074,0.9788467712063218,0.9641494871051821,0.2630822525575621,0.07094647687231395,0.14752273012958295,0.4201283416992659
classical_ext,svc,10,laplacian_med_x0.3__svc__d10,laplacian_med_x0.3,id_val,10.0,0.9007760394548157,0.24054527282714844,0.9100998890122086,0.9102983073571309,0.9100959021391659,0.9094972067039107,0.9644318260235215,0.959574347269527,,,,
classical_ext,svc,10,laplacian_med_x0.3__svc__d10,laplacian_med_x0.3,id_test,10.0,0.9007760394548157,0.24054527282714844,0.9110122358175751,0.9109383200150512,0.9109724697959992,0.9090909090909091,0.9656497242273911,0.9612334540477563,,,,
classical_ext,svc,10,laplacian_med_x0.3__svc__d10,laplacian_med_x0.3,ood_test,10.0,0.9007760394548157,0.24054527282714844,0.9416666666666667,0.9416162489196197,0.941653538712877,0.9407783417935702,0.979390048154093,0.9700397592041251,,,,
classical_ext,gpc,10,laplacian_med_x0.3__gpc__d10,laplacian_med_x0.3,id_val,,,42.91286754608154,0.8945615982241953,0.8947963800904977,0.8945595200699693,0.8940914158305463,0.9765770561618312,0.9762809185625905,0.2050880014886798,0.06191610823268448,0.047146049601630886,0.2960390749212147
classical_ext,gpc,10,laplacian_med_x0.3__gpc__d10,laplacian_med_x0.3,id_test,,,42.91286754608154,0.9043381535038932,0.9045564368396558,0.9043351943141098,0.9038031319910514,0.973754567329115,0.9721963288242341,0.21713748654417653,0.06588360176195235,0.044303331062551854,0.302204709900517
classical_ext,gpc,10,laplacian_med_x0.3__gpc__d10,laplacian_med_x0.3,ood_test,,,42.91286754608154,0.9494444444444444,0.9495555006790961,0.9494444288408731,0.9494163424124513,0.9803049759229534,0.9596304418668886,0.18726148460239497,0.04773380173260355,0.08227253896603826,0.30939639688426623
classical_ext,svc,10,laplacian_med_x3__svc__d10,laplacian_med_x3,id_val,10.0,0.8988102347538,0.13835787773132324,0.9078801331853497,0.9079939668174962,0.9078687841951654,0.9068462401795735,0.9734668125671585,0.9734603502808526,,,,
classical_ext,svc,10,laplacian_med_x3__svc__d10,laplacian_med_x3,id_test,10.0,0.8988102347538,0.13835787773132324,0.9032258064516129,0.9032963986176712,0.903208560782222,0.9019165727170236,0.9658230104268782,0.9518968616787081,,,,
classical_ext,svc,10,laplacian_med_x3__svc__d10,laplacian_med_x3,ood_test,10.0,0.8988102347538,0.13835787773132324,0.9483333333333334,0.9484689467835535,0.9483331898144162,0.9484193011647255,0.9841153228793678,0.9787361140336349,,,,
classical_ext,gpc,10,laplacian_med_x3__gpc__d10,laplacian_med_x3,id_val,,,35.35403323173523,0.8845726970033296,0.8856209150326797,0.884398255068001,0.8888888888888888,0.9686954721556799,0.9680357222651836,0.23385935253084783,0.06942997876342896,0.05715160371352861,0.33518214493687976
classical_ext,gpc,10,laplacian_med_x3__gpc__d10,laplacian_med_x3,id_test,,,35.35403323173523,0.8832035595105673,0.8842349166740933,0.8830362619184804,0.887459807073955,0.9671647407143352,0.9648713320701537,0.2417964328920827,0.07140387893506067,0.052394443853506445,0.34439868790483447
classical_ext,gpc,10,laplacian_med_x3__gpc__d10,laplacian_med_x3,ood_test,,,35.35403323173523,0.9122222222222223,0.9128657858994937,0.9120213920418337,0.9162248144220573,0.9627892332386714,0.9355861590649386,0.2349442926957888,0.0664627021850841,0.08448393246715509,0.342406637262475
classical_ext,svc,10,laplacian_med_x10__svc__d10,laplacian_med_x10,id_val,100.0,0.8984000759414567,0.23245644569396973,0.9056603773584906,0.9056896262778615,0.9056375946427142,0.9041713641488163,0.9714803970859334,0.968247411046879,,,,
classical_ext,svc,10,laplacian_med_x10__svc__d10,laplacian_med_x10,id_test,100.0,0.8984000759414567,0.23245644569396973,0.9054505005561735,0.9056481398964243,0.9054462888147841,0.9048152295632699,0.9684371565219975,0.9573322162275418,,,,
classical_ext,svc,10,laplacian_med_x10__svc__d10,laplacian_med_x10,ood_test,100.0,0.8984000759414567,0.23245644569396973,0.9505555555555556,0.9506420545746388,0.9505551740368368,0.9504178272980501,0.9825830349425855,0.976202268820901,,,,
classical_ext,gpc,10,laplacian_med_x10__gpc__d10,laplacian_med_x10,id_val,,,29.103350400924683,0.876803551609323,0.8782470253058489,0.8763594330467248,0.8837696335078534,0.9648310807480358,0.9640496187927887,0.2718508458325155,0.07702397388681104,0.0880005505078547,0.41475563579270475
classical_ext,gpc,10,laplacian_med_x10__gpc__d10,laplacian_med_x10,id_test,,,29.103350400924683,0.8743047830923248,0.8758379625503767,0.8737794112348214,0.8819226750261233,0.9638079394785571,0.960601258819614,0.27829334331320993,0.0786173512182208,0.08792451081677705,0.42398562567703
classical_ext,gpc,10,laplacian_med_x10__gpc__d10,laplacian_med_x10,ood_test,,,29.103350400924683,0.9038888888888889,0.904525250030868,0.9036740880512872,0.9082228116710875,0.9329151747129274,0.8860851617726818,0.31221917313087677,0.09274688828802237,0.12201840975784294,0.42280234658203525
classical_ext,svc,10,matern15_med_x0.1__svc__d10,matern15_med_x0.1,id_val,1.0,0.8922131446662334,0.21743512153625488,0.8901220865704772,0.8904390816155522,0.8901220865704772,0.8901220865704772,0.9612772207927918,0.9507456925964192,,,,
classical_ext,svc,10,matern15_med_x0.1__svc__d10,matern15_med_x0.1,id_test,1.0,0.8922131446662334,0.21743512153625488,0.8943270300333704,0.8943944389983067,0.8943081985552999,0.8928974069898534,0.9579013555931833,0.9375562513677864,,,,
classical_ext,svc,10,matern15_med_x0.1__svc__d10,matern15_med_x0.1,ood_test,1.0,0.8922131446662334,0.21743512153625488,0.9333333333333333,0.9331769354241264,0.9332934741252799,0.9316628701594533,0.9783553525126559,0.9659025326947068,,,,
classical_ext,gpc,10,matern15_med_x0.1__gpc__d10,matern15_med_x0.1,id_val,,,39.915181398391724,0.8890122086570478,0.8894335511982571,0.8890087906023336,0.8896247240618101,0.9701101154388352,0.9698312143718524,0.2709009555667942,0.08013097741640841,0.07850402468060058,0.3955383824644134
classical_ext,gpc,10,matern15_med_x0.1__gpc__d10,matern15_med_x0.1,id_test,,,39.915181398391724,0.896551724137931,0.8966620126944518,0.8965389227336682,0.8953880764904387,0.9657735000841675,0.9643142801662168,0.28202952572691187,0.08460631590369398,0.09034091336293039,0.3983579354635346
classical_ext,gpc,10,matern15_med_x0.1__gpc__d10,matern15_med_x0.1,ood_test,,,39.915181398391724,0.9455555555555556,0.9455241387825657,0.9455458748221905,0.9448198198198198,0.9772243486850228,0.957159262960112,0.2758600295620682,0.0760924091300681,0.15423323212422566,0.42702682656513846
classical_ext,svc,10,matern15_med_x0.3__svc__d10,matern15_med_x0.3,id_val,1.0,0.8976777075262101,0.13501787185668945,0.8967813540510544,0.8970169264286911,0.8967793196474436,0.8963210702341137,0.9684588767633752,0.9635720083328962,,,,
classical_ext,svc,10,matern15_med_x0.3__svc__d10,matern15_med_x0.3,id_test,1.0,0.8976777075262101,0.13501787185668945,0.8921023359288098,0.8922952004673776,0.892097529588636,0.8913773796192609,0.9606739347849766,0.9397596632270123,,,,
classical_ext,svc,10,matern15_med_x0.3__svc__d10,matern15_med_x0.3,ood_test,1.0,0.8976777075262101,0.13501787185668945,0.9477777777777778,0.9478948018273861,0.9477777777777778,0.9477777777777778,0.9809285096925546,0.9735576284444911,,,,
classical_ext,gpc,10,matern15_med_x0.3__gpc__d10,matern15_med_x0.3,id_val,,,35.85550546646118,0.8856825749167592,0.886039886039886,0.8856820116359139,0.8859357696566998,0.9722641193229429,0.9718017651260906,0.2113116776629422,0.06498726418813369,0.0398940842115596,0.289147926870697
classical_ext,gpc,10,matern15_med_x0.3__gpc__d10,matern15_med_x0.3,id_test,,,35.85550546646118,0.8876529477196885,0.8877179692837833,0.8876329268851084,0.8861330326944757,0.9696600619869491,0.96803377411778,0.2235300891948128,0.0688996202302478,0.03904363876615985,0.2961775786681316
classical_ext,gpc,10,matern15_med_x0.3__gpc__d10,matern15_med_x0.3,ood_test,,,35.85550546646118,0.9533333333333334,0.9534510433386838,0.9533333333333334,0.9533333333333334,0.9793357204593159,0.9573381086050995,0.18837650181711132,0.04851512464005514,0.08100799907258988,0.30125301021109835
classical_ext,svc,10,matern15_med_x3__svc__d10,matern15_med_x3,id_val,100.0,0.8952539689077101,0.137587308883667,0.9012208657047724,0.9014580191050778,0.9012189188023922,0.9007803790412486,0.9727422391782252,0.9714173467048947,,,,
classical_ext,svc,10,matern15_med_x3__svc__d10,matern15_med_x3,id_test,100.0,0.8952539689077101,0.137587308883667,0.8909899888765295,0.8911614136193051,0.8909833793642781,0.8901345291479821,0.9660804642089733,0.9516098395067373,,,,
classical_ext,svc,10,matern15_med_x3__svc__d10,matern15_med_x3,ood_test,100.0,0.8952539689077101,0.137587308883667,0.9466666666666667,0.9467588591184097,0.9466664032908805,0.9465478841870824,0.983465859982714,0.9803168338059669,,,,
classical_ext,gpc,10,matern15_med_x3__gpc__d10,matern15_med_x3,id_val,,,30.74228286743164,0.8801331853496115,0.8815987933634992,0.8796848571174218,0.8870292887029289,0.9668076380879149,0.965211109876415,0.2715340395833025,0.07786771839222265,0.09839297979711692,0.4085424142730783
classical_ext,gpc,10,matern15_med_x3__gpc__d10,matern15_med_x3,id_test,,,30.74228286743164,0.8754171301446051,0.8770980007723613,0.8747624307193249,0.8838174273858921,0.961287863034588,0.9595724618365602,0.28177984323369226,0.08169348235947932,0.10045850151141975,0.4179392414461858
classical_ext,gpc,10,matern15_med_x3__gpc__d10,matern15_med_x3,ood_test,,,30.74228286743164,0.8266666666666667,0.8271144585751327,0.8264987345776653,0.8318965517241379,0.9182899123348561,0.8808108738459218,0.32528400873233176,0.10167237915356585,0.11757784668213013,0.40256252620189215
classical_ext,svc,10,matern15_med_x10__svc__d10,matern15_med_x10,id_val,100.0,0.8885840543113798,0.19063591957092285,0.8845726970033296,0.8866683425506955,0.8835361730899256,0.8945233265720081,0.965565512278315,0.9477179783058525,,,,
classical_ext,svc,10,matern15_med_x10__svc__d10,matern15_med_x10,id_test,100.0,0.8885840543113798,0.19063591957092285,0.882091212458287,0.8842373921912288,0.8809765285424515,0.8924949290060852,0.9591391141609482,0.9342921756169478,,,,
classical_ext,svc,10,matern15_med_x10__svc__d10,matern15_med_x10,ood_test,100.0,0.8885840543113798,0.19063591957092285,0.9283333333333333,0.9291208791208792,0.9280695662086806,0.9324253535882661,0.9768576367452773,0.9590637277565692,,,,
classical_ext,gpc,10,matern15_med_x10__gpc__d10,matern15_med_x10,id_val,,,24.64494299888611,0.8745837957824639,0.875523713759008,0.8744445992790735,0.878625134264232,0.9531196088289515,0.955718671167275,0.3992068576434999,0.11743860501918996,0.20126108233164708,0.5726105945030584
classical_ext,gpc,10,matern15_med_x10__gpc__d10,matern15_med_x10,id_test,,,24.64494299888611,0.8598442714126807,0.8606778956123935,0.8597358019554816,0.8636363636363636,0.9463654457416153,0.9493168747378217,0.4110271534787247,0.12287250770838584,0.19562069278460711,0.576965708930106
classical_ext,gpc,10,matern15_med_x10__gpc__d10,matern15_med_x10,ood_test,,,24.64494299888611,0.6872222222222222,0.6862513890603779,0.6843736948179542,0.6543891958256599,0.8519385109272749,0.7574828702729961,0.49994688533632314,0.1645500186141317,0.25006586808906933,0.5750841790907831
classical_ext,svc,10,matern25_med_x0.1__svc__d10,matern25_med_x0.1,id_val,1.0,0.8916731089425092,0.22214460372924805,0.8890122086570478,0.8893078598960952,0.8890120719389012,0.8888888888888888,0.960355484576938,0.9480805117532275,,,,
classical_ext,svc,10,matern25_med_x0.1__svc__d10,matern25_med_x0.1,id_test,1.0,0.8916731089425092,0.22214460372924805,0.8887652947719689,0.8886834209666399,0.888715587244999,0.8863636363636364,0.9551188743328481,0.9340326755645236,,,,
classical_ext,svc,10,matern25_med_x0.1__svc__d10,matern25_med_x0.1,ood_test,1.0,0.8916731089425092,0.22214460372924805,0.9322222222222222,0.9320533399185085,0.9321779285483976,0.9304446978335233,0.9771181627361402,0.9627004829839788,,,,
classical_ext,gpc,10,matern25_med_x0.1__gpc__d10,matern25_med_x0.1,id_val,,,36.68094253540039,0.8901220865704772,0.8905647729177141,0.8901172137256472,0.8908489525909592,0.9697305769970129,0.96943589046833,0.2716424387482889,0.08056351750624276,0.08031654372625756,0.39449696341097407
classical_ext,gpc,10,matern25_med_x0.1__gpc__d10,matern25_med_x0.1,id_test,,,36.68094253540039,0.896551724137931,0.8966620126944518,0.8965389227336682,0.8953880764904387,0.9655011931992594,0.9641037179135702,0.28313693648590227,0.08512866827840108,0.0862058794552548,0.39711001314597477
classical_ext,gpc,10,matern25_med_x0.1__gpc__d10,matern25_med_x0.1,ood_test,,,36.68094253540039,0.9455555555555556,0.9455241387825657,0.9455458748221905,0.9448198198198198,0.9768625756266206,0.95590447026559,0.2765989920699161,0.07649957541257837,0.1502568811892414,0.4260967795738871
classical_ext,svc,10,matern25_med_x0.3__svc__d10,matern25_med_x0.3,id_val,1.0,0.8986929359526062,0.1168522834777832,0.897891231964484,0.8981900452488687,0.8978911061837891,0.8977777777777778,0.9682469267244354,0.9630884396255285,,,,
classical_ext,svc,10,matern25_med_x0.3__svc__d10,matern25_med_x0.3,id_test,1.0,0.8986929359526062,0.1168522834777832,0.8909899888765295,0.8912455812019131,0.8909887749445676,0.890625,0.9606739347849766,0.9404820253352466,,,,
classical_ext,svc,10,matern25_med_x0.3__svc__d10,matern25_med_x0.3,ood_test,1.0,0.8986929359526062,0.1168522834777832,0.9472222222222222,0.9473453512779355,0.9472222059327796,0.9472515269294837,0.9802988023212743,0.9757120940185489,,,,
classical_ext,gpc,10,matern25_med_x0.3__gpc__d10,matern25_med_x0.3,id_val,,,40.704652309417725,0.8867924528301887,0.8871292106586224,0.8867923133776793,0.8869179600886918,0.9717662831849683,0.9708133738244047,0.21142852481371666,0.06502803733410349,0.04177283075966827,0.28710340251944055
classical_ext,gpc,10,matern25_med_x0.3__gpc__d10,matern25_med_x0.3,id_test,,,40.704652309417725,0.8909899888765295,0.891077246036697,0.890973665973666,0.8896396396396397,0.9695461881987145,0.9675947984401752,0.22336317979919093,0.0687907043181669,0.04134741035094545,0.29446075782990383
classical_ext,gpc,10,matern25_med_x0.3__gpc__d10,matern25_med_x0.3,ood_test,,,40.704652309417725,0.955,0.9551240893937523,0.9549999861111069,0.9550249861188229,0.9791826151376714,0.9580734284420783,0.18675797064538333,0.04812566725064426,0.07860781216370388,0.29630633685156366
classical_ext,svc,10,matern25_med_x3__svc__d10,matern25_med_x3,id_val,100.0,0.8909048128265835,0.1474449634552002,0.8901220865704772,0.8912770236299647,0.8899050976239229,0.8947927736450585,0.9715986947820857,0.969195559271198,,,,
classical_ext,svc,10,matern25_med_x3__svc__d10,matern25_med_x3,id_test,100.0,0.8909048128265835,0.1474449634552002,0.8854282536151279,0.8864183227876303,0.8852829057319522,0.8893662728249194,0.9653724663082117,0.9514806195671961,,,,
classical_ext,svc,10,matern25_med_x3__svc__d10,matern25_med_x3,ood_test,100.0,0.8909048128265835,0.1474449634552002,0.9455555555555556,0.9456969996295839,0.9455552866927738,0.9456762749445676,0.9793431287813309,0.973550899016538,,,,
classical_ext,gpc,10,matern25_med_x3__gpc__d10,matern25_med_x3,id_val,,,33.55703568458557,0.8790233074361821,0.8804256745433217,0.8786190036546916,0.8856243441762854,0.9666893403917626,0.9654193909951434,0.2964434121380185,0.08570749409019418,0.12050317682447556,0.4371442814398792
classical_ext,gpc,10,matern25_med_x3__gpc__d10,matern25_med_x3,id_test,,,33.55703568458557,0.8754171301446051,0.8769717493984492,0.8748782185107864,0.8830897703549061,0.958777688659161,0.9575260933478101,0.3076965143061761,0.09009935000466,0.13033641137991397,0.4458520024676497
classical_ext,gpc,10,matern25_med_x3__gpc__d10,matern25_med_x3,ood_test,,,33.55703568458557,0.8111111111111111,0.8114828991233486,0.8109981766882928,0.8156182212581344,0.8874774663538707,0.8257658228211997,0.3764963937693434,0.1218105149534541,0.10177601519011037,0.4270015061946424
classical_ext,svc,10,matern25_med_x10__svc__d10,matern25_med_x10,id_val,100.0,0.865903459230708,0.1763756275177002,0.8845726970033296,0.8866683425506955,0.8835361730899256,0.8945233265720081,0.9543962381332624,0.9281310698113636,,,,
classical_ext,svc,10,matern25_med_x10__svc__d10,matern25_med_x10,id_test,100.0,0.865903459230708,0.1763756275177002,0.8809788654060067,0.8831036053431562,0.8798796211312367,0.8913705583756345,0.9353890027626771,0.8982818561243274,,,,
classical_ext,svc,10,matern25_med_x10__svc__d10,matern25_med_x10,ood_test,100.0,0.865903459230708,0.1763756275177002,0.9222222222222223,0.9230769230769231,0.921875,0.9270833333333334,0.9392542289171503,0.8979760640986334,,,,
classical_ext,gpc,10,matern25_med_x10__gpc__d10,matern25_med_x10,id_val,,,23.537226676940918,0.8745837957824639,0.875523713759008,0.8744445992790735,0.878625134264232,0.9460710377665396,0.9509976622581375,0.4383995644761008,0.132273059111696,0.22935190381669746,0.6062468738606535
classical_ext,gpc,10,matern25_med_x10__gpc__d10,matern25_med_x10,id_test,,,23.537226676940918,0.8598442714126807,0.8606778956123935,0.8597358019554816,0.8636363636363636,0.9355474358593509,0.9427902977834792,0.4497050012534991,0.13763212240388,0.22677842980524976,0.6093454084815083
classical_ext,gpc,10,matern25_med_x10__gpc__d10,matern25_med_x10,ood_test,,,23.537226676940918,0.6866666666666666,0.6856895913075689,0.6837792983837608,0.6535626535626535,0.8434201753302877,0.7374417857331749,0.5370931095624101,0.1787532479428738,0.263191411102636,0.6097131093315185
quantum,svc,10,zz_r1_full__as0.5__svc__d10,zz_r1_full__as0.5,id_val,1.0,0.8945466616543344,0.15481781959533691,0.8790233074361821,0.8796296296296295,0.8789940919535981,0.8808743169398907,0.9570185037313066,0.93721170701767,,,,
quantum,svc,10,zz_r1_full__as0.5__svc__d10,zz_r1_full__as0.5,id_test,1.0,0.8945466616543344,0.15481781959533691,0.8909899888765295,0.8913297487845211,0.8909898539965355,0.8911111111111111,0.9606095713394528,0.9475732264539557,,,,
quantum,svc,10,zz_r1_full__as0.5__svc__d10,zz_r1_full__as0.5,ood_test,1.0,0.8945466616543344,0.15481781959533691,0.9444444444444444,0.9444252376836646,0.9444361441647455,0.9437570303712036,0.9793653537473761,0.9697697953309128,,,,
quantum,gpc,10,zz_r1_full__as0.5__gpc__d10,zz_r1_full__as0.5,id_val,,,35.875019550323486,0.8779134295227525,0.8782889224065695,0.8779120759997634,0.8783185840707964,0.9691243013042322,0.9687509237869486,0.255911618727959,0.07554414774014237,0.06980858675233301,0.3776242908334837
quantum,gpc,10,zz_r1_full__as0.5__gpc__d10,zz_r1_full__as0.5,id_test,,,35.875019550323486,0.8787541713014461,0.8787318420818109,0.8787157541664345,0.8765571913929785,0.9657388428442701,0.9643868618696466,0.2683762012737311,0.08039995633360386,0.07503737258868422,0.3833629746094021
quantum,gpc,10,zz_r1_full__as0.5__gpc__d10,zz_r1_full__as0.5,ood_test,,,35.875019550323486,0.9283333333333333,0.9280466724286949,0.9282397570906507,0.9256484149855908,0.9765217928139275,0.9575020897764795,0.2772208137324272,0.07863225991760925,0.1525659257147761,0.4162319846510795
quantum,svc,10,zz_r2_full__as0.5__svc__d10,zz_r2_full__as0.5,id_val,100.0,0.8599913324335511,0.3711555004119873,0.881243063263041,0.8810541310541311,0.8811587414095966,0.8779931584948689,0.936626938357042,0.9157880107869235,,,,
quantum,svc,10,zz_r2_full__as0.5__svc__d10,zz_r2_full__as0.5,id_test,100.0,0.8599913324335511,0.3711555004119873,0.882091212458287,0.8816281971303805,0.8818911495825649,0.877030162412993,0.9280713741100517,0.9266274780537662,,,,
quantum,svc,10,zz_r2_full__as0.5__svc__d10,zz_r2_full__as0.5,ood_test,100.0,0.8599913324335511,0.3711555004119873,0.895,0.8944128904803061,0.8945845525157634,0.8879668049792531,0.9593986911964442,0.9440734387277135,,,,
quantum,gpc,10,zz_r2_full__as0.5__gpc__d10,zz_r2_full__as0.5,id_val,,,37.11221265792847,0.8734739178690344,0.8733031674208145,0.873391414963169,0.8701594533029613,0.9630073245990202,0.9627252343153266,0.324838964172241,0.09952891041770137,0.1248514456485933,0.45009362627303184
quantum,gpc,10,zz_r2_full__as0.5__gpc__d10,zz_r2_full__as0.5,id_test,,,37.11221265792847,0.8676307007786429,0.8671835546445652,0.8674180975455599,0.8621089223638471,0.9591589182980325,0.9581103342023612,0.33683523868922777,0.10474710295890693,0.1268431162152144,0.45402358167936047
quantum,gpc,10,zz_r2_full__as0.5__gpc__d10,zz_r2_full__as0.5,ood_test,,,37.11221265792847,0.8516666666666667,0.8504321521175454,0.8494790490558616,0.8313329121920404,0.9740190146931721,0.9635248891321322,0.355135987854181,0.10769343948426051,0.2074057472681106,0.48857316697267267
quantum,svc,10,pauli_xz_r1_full__as0.5__svc__d10,pauli_xz_r1_full__as0.5,id_val,100.0,0.9011736096504066,0.1518387794494629,0.9056603773584906,0.905647729177141,0.9056306181419391,0.903954802259887,0.9766904247873106,0.9728108166019145,,,,
quantum,svc,10,pauli_xz_r1_full__as0.5__svc__d10,pauli_xz_r1_full__as0.5,id_test,100.0,0.9011736096504066,0.1518387794494629,0.8987764182424917,0.8985929160601649,0.8987042253521127,0.896,0.9679965144718731,0.9546828506175903,,,,
quantum,svc,10,pauli_xz_r1_full__as0.5__svc__d10,pauli_xz_r1_full__as0.5,ood_test,100.0,0.9011736096504066,0.1518387794494629,0.9383333333333334,0.9383195456229164,0.9383249386722081,0.9376053962900506,0.9769329546857637,0.972095983161363,,,,
quantum,gpc,10,pauli_xz_r1_full__as0.5__gpc__d10,pauli_xz_r1_full__as0.5,id_val,,,32.44413232803345,0.8912319644839067,0.8918216859393331,0.8912093165375441,0.8927789934354485,0.9701791224282574,0.967039308115732,0.21319728960509346,0.06555789753563529,0.040309359204572355,0.28101777694360086
quantum,gpc,10,pauli_xz_r1_full__as0.5__gpc__d10,pauli_xz_r1_full__as0.5,id_test,,,32.44413232803345,0.8909899888765295,0.891582251532345,0.8909671894182409,0.8925438596491229,0.9671845448514195,0.9637322565308011,0.22511256049909156,0.06968074862433504,0.02977906141172626,0.29034703064313216
quantum,gpc,10,pauli_xz_r1_full__as0.5__gpc__d10,pauli_xz_r1_full__as0.5,ood_test,,,32.44413232803345,0.9488888888888889,0.9492282997900976,0.9488684362633942,0.9498910675381264,0.9740091369304852,0.9519793458392026,0.1892850102331773,0.051047723849092785,0.06454373594644523,0.27736533090217347
quantum,svc,10,zmap_r2__as0.5__svc__d10,zmap_r2__as0.5,id_val,100.0,0.9019387432900695,0.14580965042114258,0.904550499445061,0.9043908161555221,0.9044882604108117,0.9020501138952164,0.9729196857224539,0.9618119654410171,,,,
quantum,svc,10,zmap_r2__as0.5__svc__d10,zmap_r2__as0.5,id_test,100.0,0.9019387432900695,0.14580965042114258,0.8987764182424917,0.8985087484775569,0.8986781303836804,0.8955223880597015,0.961713651981899,0.9446337612828066,,,,
quantum,svc,10,zmap_r2__as0.5__svc__d10,zmap_r2__as0.5,ood_test,100.0,0.9019387432900695,0.14580965042114258,0.9438888888888889,0.9438017039140634,0.943870022979946,0.9428409734012451,0.9716347697246573,0.9665106802813369,,,,
quantum,gpc,10,zmap_r2__as0.5__gpc__d10,zmap_r2__as0.5,id_val,,,35.0930380821228,0.8879023307436182,0.8883442265795207,0.8878973594574784,0.8886438809261301,0.9695432723114384,0.9670125225663107,0.21150127449578324,0.06552922982990099,0.037523321974694226,0.27668509502950717
quantum,gpc,10,zmap_r2__as0.5__gpc__d10,zmap_r2__as0.5,id_test,,,35.0930380821228,0.8876529477196885,0.8879704720316074,0.8876529477196885,0.8876529477196885,0.9672390062284011,0.9639602791381521,0.2228014510069675,0.06919541623404125,0.03596350576097478,0.2859165869808216
quantum,gpc,10,zmap_r2__as0.5__gpc__d10,zmap_r2__as0.5,ood_test,,,35.0930380821228,0.9488888888888889,0.9491665637733053,0.9488782227403001,0.9496166484118291,0.976447709593777,0.9553861257469224,0.18354830866836253,0.04830225332688336,0.0665202300340697,0.2756397839026445
quantum,svc,10,zz_r1_full__svc__d10,zz_r1_full,id_val,10.0,0.8879367868274564,0.35976743698120117,0.8834628190899001,0.8836098541980895,0.883453630917403,0.8824188129899216,0.9482595451453583,0.9243534012748652,,,,
quantum,svc,10,zz_r1_full__svc__d10,zz_r1_full,id_test,10.0,0.8879367868274564,0.35976743698120117,0.8909899888765295,0.890740575706265,0.8908915727108804,0.8876146788990825,0.9481428670449257,0.9465880577447746,,,,
quantum,svc,10,zz_r1_full__svc__d10,zz_r1_full,ood_test,10.0,0.8879367868274564,0.35976743698120117,0.935,0.934825287072478,0.9349556534069061,0.9332572732458643,0.9708852944808002,0.9630491455752003,,,,
quantum,gpc,10,zz_r1_full__gpc__d10,zz_r1_full,id_val,,,40.28774118423462,0.8779134295227525,0.8782051282051282,0.8779132791327913,0.8777777777777778,0.9663245891619594,0.9656230237824445,0.2944944906380484,0.08741850267835932,0.10023187939562293,0.42809899122774153
quantum,gpc,10,zz_r1_full__gpc__d10,zz_r1_full,id_test,,,40.28774118423462,0.8798665183537263,0.8799077127211875,0.8798413924201022,0.8781038374717833,0.9637881353414729,0.9620121844588589,0.30469515013573456,0.09171264048951164,0.09968946231150648,0.43202449575809315
quantum,gpc,10,zz_r1_full__gpc__d10,zz_r1_full,ood_test,,,40.28774118423462,0.9227777777777778,0.9224657365106803,0.9226641370235708,0.9196995956094743,0.9760402518829485,0.964996198664697,0.3168856622252224,0.09206196721570149,0.18013324443088158,0.4646807869875891
quantum,svc,10,zz_r2_full__svc__d10,zz_r2_full,id_val,100.0,0.8115235679428432,0.370419979095459,0.8701442841287459,0.8693648399530752,0.8697103066752194,0.8621908127208481,0.9333195319354489,0.9272070157983332,,,,
quantum,svc,10,zz_r2_full__svc__d10,zz_r2_full,id_test,100.0,0.8115235679428432,0.370419979095459,0.864293659621802,0.8631088534394835,0.8634419044773146,0.8526570048309179,0.9392656625969167,0.9456617970879038,,,,
quantum,svc,10,zz_r2_full__svc__d10,zz_r2_full,ood_test,100.0,0.8115235679428432,0.370419979095459,0.8,0.7982096555130263,0.7940479868190712,0.7590361445783133,0.9565748857883687,0.925231622135567,,,,
quantum,gpc,10,zz_r2_full__gpc__d10,zz_r2_full,id_val,,,34.21466302871704,0.8546059933407325,0.8533182503770739,0.85356409540647,0.8412121212121212,0.9546673370202782,0.9560495725105354,0.3822479496945755,0.12239546511677632,0.15604833119599917,0.4942418509394053
quantum,gpc,10,zz_r2_full__gpc__d10,zz_r2_full,id_test,,,34.21466302871704,0.8431590656284761,0.8413144005782808,0.8411137168979076,0.823086574654956,0.9514798641436196,0.9521043570691385,0.39150601635959437,0.1267589716821599,0.16247712585634713,0.4952175662190548
quantum,gpc,10,zz_r2_full__gpc__d10,zz_r2_full,ood_test,,,34.21466302871704,0.7588888888888888,0.7565378441782936,0.7466255662976975,0.6908831908831908,0.9692394122731202,0.961363297955514,0.4226833193883068,0.13624524509057895,0.19425647399411444,0.5339522197849843
quantum,svc,10,pauli_xz_r1_full__svc__d10,pauli_xz_r1_full,id_val,10.0,0.8982700239206484,0.10667562484741211,0.9078801331853497,0.907910172616055,0.9078578865334739,0.9064261555806088,0.9679462534133815,0.9597106608623727,,,,
quantum,svc,10,pauli_xz_r1_full__svc__d10,pauli_xz_r1_full,id_test,10.0,0.8982700239206484,0.10667562484741211,0.8932146829810901,0.8930081494024102,0.8931320395851288,0.8901601830663616,0.9567230094366713,0.9361142796454603,,,,
quantum,svc,10,pauli_xz_r1_full__svc__d10,pauli_xz_r1_full,ood_test,10.0,0.8982700239206484,0.10667562484741211,0.9344444444444444,0.9343252253364613,0.9344152146820991,0.9330306469920545,0.9672342264477097,0.9615751923946833,,,,
quantum,gpc,10,pauli_xz_r1_full__gpc__d10,pauli_xz_r1_full,id_val,,,35.797940731048584,0.8823529411764706,0.8826043237807943,0.8823516368724993,0.8819599109131403,0.9698685909758574,0.9677649274088087,0.21632594256888982,0.06619030456040566,0.048766197052347776,0.2921375424343496
quantum,gpc,10,pauli_xz_r1_full__gpc__d10,pauli_xz_r1_full,id_test,,,35.797940731048584,0.8854282536151279,0.8855345631702463,0.8854140757157831,0.8841394825646794,0.969060986840151,0.9664202555235688,0.22502559830462648,0.06867431585093031,0.03647849861019703,0.2987401215572032
quantum,gpc,10,pauli_xz_r1_full__gpc__d10,pauli_xz_r1_full,ood_test,,,35.797940731048584,0.9555555555555556,0.9556735399432028,0.9555555555555556,0.9555555555555556,0.9788813433757254,0.9596940000513686,0.18679663365093166,0.048239083658842885,0.0724100310353665,0.29293255225904696
quantum,svc,10,zmap_r2__svc__d10,zmap_r2,id_val,10.0,0.8984151003303473,0.10822272300720215,0.9067702552719201,0.906778950896598,0.9067444084103029,0.9051918735891648,0.9685229546821242,0.9503259976796394,,,,
quantum,svc,10,zmap_r2__svc__d10,zmap_r2,id_test,10.0,0.8984151003303473,0.10822272300720215,0.8932146829810901,0.8932185683589302,0.8931849460875076,0.8914027149321267,0.9520541841190624,0.9173763113095559,,,,
quantum,svc,10,zmap_r2__svc__d10,zmap_r2,ood_test,10.0,0.8984151003303473,0.10822272300720215,0.9411111111111111,0.9410667983701692,0.9410988218529546,0.9402480270574972,0.9710495122854673,0.9516118537371816,,,,
quantum,gpc,10,zmap_r2__gpc__d10,zmap_r2,id_val,,,38.06833577156067,0.8856825749167592,0.8860817831406067,0.8856803217600719,0.8861878453038674,0.9723972042311143,0.9718973555500523,0.21334903106003045,0.06533202775479517,0.046758151822491184,0.29213389269511236
quantum,gpc,10,zmap_r2__gpc__d10,zmap_r2,id_test,,,38.06833577156067,0.8943270300333704,0.8945627741635227,0.8943249379783094,0.8938547486033519,0.9683529889393894,0.9667283450929698,0.22840909626895364,0.07067122540621833,0.036289493372600526,0.2963766161673639
quantum,gpc,10,zmap_r2__gpc__d10,zmap_r2,ood_test,,,38.06833577156067,0.9411111111111111,0.9412520064205457,0.9411108203003472,0.9412416851441242,0.9765415483393013,0.9538575231204733,0.19274107908238136,0.049556550679410394,0.0722922378427442,0.310741852930899
quantum,svc,10,zz_r1_full__as2__svc__d10,zz_r1_full__as2,id_val,10.0,0.8616064454838472,0.34460949897766113,0.8723640399556049,0.8723814312049607,0.8723332162813191,0.8703494926719278,0.9552538964303671,0.937293906224126,,,,
quantum,svc,10,zz_r1_full__as2__svc__d10,zz_r1_full__as2,id_test,10.0,0.8616064454838472,0.34460949897766113,0.8854282536151279,0.8853241442137263,0.8853715209562751,0.8828213879408419,0.9598075037875411,0.9593689269172747,,,,
quantum,svc,10,zz_r1_full__as2__svc__d10,zz_r1_full__as2,ood_test,10.0,0.8616064454838472,0.34460949897766113,0.9138888888888889,0.9135263612791702,0.9137310219843658,0.910040626813697,0.9704654895666132,0.9619316814291456,,,,
quantum,gpc,10,zz_r1_full__as2__gpc__d10,zz_r1_full__as2,id_val,,,33.51641321182251,0.8734739178690344,0.8732612703200939,0.8733764312553627,0.8698630136986302,0.9656936681158135,0.9644190224319515,0.3337310727439221,0.10153846727765206,0.1368397401267139,0.4677858341165773
quantum,gpc,10,zz_r1_full__as2__gpc__d10,zz_r1_full__as2,id_test,,,33.51641321182251,0.8687430478309233,0.8679806711622058,0.868319265143992,0.8608490566037735,0.9619314974898256,0.9594521052179807,0.34252068733444824,0.10557353295758969,0.13403418023237526,0.46935881124279066
quantum,gpc,10,zz_r1_full__as2__gpc__d10,zz_r1_full__as2,ood_test,,,33.51641321182251,0.8483333333333334,0.8471724904309174,0.8463402621971716,0.8288401253918495,0.9720681565625385,0.9619946155641111,0.3660383578373162,0.11125509519546783,0.21889363822506028,0.5053395024809073
quantum,svc,10,zz_r2_full__as2__svc__d10,zz_r2_full__as2,id_val,100.0,0.7948626168478945,0.3611936569213867,0.8490566037735849,0.8474945533769063,0.8475692889485993,0.8325123152709359,0.9481856090852632,0.9417829997057535,,,,
quantum,svc,10,zz_r2_full__as2__svc__d10,zz_r2_full__as2,id_test,100.0,0.7948626168478945,0.3611936569213867,0.8442714126807565,0.8423219360524414,0.8420336566459827,0.8232323232323232,0.9374733881907931,0.94428218465384,,,,
quantum,svc,10,zz_r2_full__as2__svc__d10,zz_r2_full__as2,ood_test,100.0,0.7948626168478945,0.3611936569213867,0.7422222222222222,0.7397456476108162,0.727676801402308,0.6647398843930635,0.9424064699345598,0.9153355260589157,,,,
quantum,gpc,10,zz_r2_full__as2__gpc__d10,zz_r2_full__as2,id_val,,,30.9240140914917,0.8390677025527192,0.8368107926931456,0.8360619738316537,0.8138639281129654,0.9563087175543923,0.9570312670348893,0.4170146894234831,0.1353228165297768,0.196372572539939,0.5271038548086018
quantum,gpc,10,zz_r2_full__as2__gpc__d10,zz_r2_full__as2,id_test,,,30.9240140914917,0.8209121245828699,0.8182599094950935,0.816461049377315,0.7878787878787878,0.9413104397508639,0.9423643864073222,0.425333611694456,0.139327043485564,0.1671539662386045,0.5259255346455576
quantum,gpc,10,zz_r2_full__as2__gpc__d10,zz_r2_full__as2,ood_test,,,30.9240140914917,0.7372222222222222,0.7345289541918756,0.7196205360009669,0.6493699036323203,0.9585874799357945,0.9501830181622061,0.460587430899238,0.15155803388446384,0.16773250218473781,0.5628522446143049
quantum,svc,10,pauli_xz_r1_full__as2__svc__d10,pauli_xz_r1_full__as2,id_val,1.0,0.8961515903403197,0.13827276229858398,0.9001109877913429,0.900536282889224,0.9001079115421002,0.9006622516556292,0.966157000759077,0.9576943906705638,,,,
quantum,svc,10,pauli_xz_r1_full__as2__svc__d10,pauli_xz_r1_full__as2,id_test,1.0,0.8961515903403197,0.13827276229858398,0.8909899888765295,0.8912876649932171,0.8909898539965355,0.89086859688196,0.9564903108259316,0.9363160234272275,,,,
quantum,svc,10,pauli_xz_r1_full__as2__svc__d10,pauli_xz_r1_full__as2,ood_test,1.0,0.8961515903403197,0.13827276229858398,0.9416666666666667,0.9416779849364119,0.9416614630132132,0.9411104879416713,0.9728781331028522,0.9450891540866133,,,,
quantum,gpc,10,pauli_xz_r1_full__as2__gpc__d10,pauli_xz_r1_full__as2,id_val,,,32.867172718048096,0.8945615982241953,0.8947544829897771,0.8945569222619847,0.8938547486033519,0.9722246867575587,0.9717204865765167,0.23373392881046548,0.06967881590942053,0.05432460489545642,0.33700386799981297
quantum,gpc,10,pauli_xz_r1_full__as2__gpc__d10,pauli_xz_r1_full__as2,id_test,,,32.867172718048096,0.8909899888765295,0.891077246036697,0.890973665973666,0.8896396396396397,0.9661596807573101,0.9645185882095575,0.24912045901398422,0.07581690815021948,0.057193078665723,0.3386910783842539
quantum,gpc,10,pauli_xz_r1_full__as2__gpc__d10,pauli_xz_r1_full__as2,ood_test,,,32.867172718048096,0.9366666666666666,0.9367205827879985,0.9366647118738233,0.9363128491620112,0.9769391282874429,0.9523833377935728,0.22245084154897452,0.05785476041055291,0.09750152771287225,0.36018373283779004
quantum,svc,10,zmap_r2__as2__svc__d10,zmap_r2__as2,id_val,1.0,0.8985323728651272,0.09988856315612793,0.8945615982241953,0.8947125858890566,0.8945532851157456,0.8936170212765957,0.9645402655783278,0.9621027308102227,,,,
quantum,svc,10,zmap_r2__as2__svc__d10,zmap_r2__as2,id_test,1.0,0.8985323728651272,0.09988856315612793,0.8887652947719689,0.8887255047579439,0.8887255047579439,0.8866213151927438,0.9496182752577014,0.9327265077916399,,,,
quantum,svc,10,zmap_r2__as2__svc__d10,zmap_r2__as2,ood_test,1.0,0.8985323728651272,0.09988856315612793,0.9344444444444444,0.9343622669465366,0.9344237191013456,0.9332579185520362,0.9756500802568219,0.9645246544344451,,,,
quantum,gpc,10,zmap_r2__as2__gpc__d10,zmap_r2__as2,id_val,,,35.221226930618286,0.8879023307436182,0.8877995642701525,0.8878470694514795,0.8853575482406356,0.9707755399796922,0.9703276341092028,0.23803514878357984,0.07128586614047004,0.057255698292266025,0.33512672373101093
quantum,gpc,10,zmap_r2__as2__gpc__d10,zmap_r2__as2,id_test,,,35.221226930618286,0.8798665183537263,0.8795289585994515,0.8797235023041474,0.8755760368663594,0.9661200724831418,0.9650535900649915,0.2511976370933766,0.07657688429702221,0.06150948362673439,0.33716002660375805
quantum,gpc,10,zmap_r2__as2__gpc__d10,zmap_r2__as2,ood_test,,,35.221226930618286,0.9316666666666666,0.9315409309791332,0.9316345728967209,0.9301533219761499,0.9747116928015803,0.9488782552928422,0.22937846469640474,0.05977160065504617,0.08796919509454543,0.35987404528312494
classical_ext,svc,12,linear__svc__d12,linear,id_val,100.0,0.8353138384707988,0.4825730323791504,0.8679245283018868,0.8687363834422658,0.8678307497919813,0.8713513513513513,0.89336941413066,0.785552273630963,,,,
classical_ext,svc,12,linear__svc__d12,linear,id_test,100.0,0.8353138384707988,0.4825730323791504,0.8520578420467185,0.8527834714671895,0.8519845853124718,0.8552774755168662,0.8764914990741565,0.7536188985252914,,,,
classical_ext,svc,12,linear__svc__d12,linear,ood_test,100.0,0.8353138384707988,0.4825730323791504,0.7011111111111111,0.6999629583899247,0.697375,0.66375,0.8541227312013828,0.7287691186090551,,,,
classical_ext,gpc,12,linear__gpc__d12,linear,id_val,,,24.950767040252686,0.881243063263041,0.8819339701692643,0.8811956469499445,0.8835690968443961,0.9358875777560899,0.9293541224035703,0.3511195818420413,0.10423843093117431,0.09972560037806574,0.464895635049489
classical_ext,gpc,12,linear__gpc__d12,linear,id_test,,,24.950767040252686,0.8609566184649611,0.8615591797126421,0.860922890328649,0.8630887185104053,0.9279376961847331,0.9236838131281768,0.37221700815261355,0.11301474219838871,0.08706907308961662,0.4758066970421227
classical_ext,gpc,12,linear__gpc__d12,linear,ood_test,,,24.950767040252686,0.6861111111111111,0.6848931966909495,0.6817378552636397,0.644430459408433,0.8584454870971725,0.8496078320135259,0.5519535547390645,0.19281991219315886,0.19898380195282103,0.4246945097971483
classical_ext,svc,12,rbf_gscale__svc__d12,rbf_gscale,id_val,10.0,0.9051974316770293,0.13122248649597168,0.904550499445061,0.9046003016591252,0.9045306247166203,0.9031531531531531,0.9763848224055837,0.9754955058757862,,,,
classical_ext,svc,12,rbf_gscale__svc__d12,rbf_gscale,id_test,10.0,0.9051974316770293,0.13122248649597168,0.899888765294772,0.9000633732386696,0.8998826953345411,0.899103139013453,0.9684916178989791,0.9534401224260162,,,,
classical_ext,svc,12,rbf_gscale__svc__d12,rbf_gscale,ood_test,10.0,0.9051974316770293,0.13122248649597168,0.9466666666666667,0.9468576367452772,0.9466642961909417,0.9470198675496688,0.9864699345598222,0.9821255786565816,,,,
classical_ext,gpc,12,rbf_gscale__gpc__d12,rbf_gscale,id_val,,,35.28432321548462,0.897891231964484,0.898734707558237,0.8978125585569592,0.9006479481641468,0.9711945109868984,0.9674193049782825,0.2135053614739879,0.06496247990007785,0.03980465139283988,0.28844805248736133
classical_ext,gpc,12,rbf_gscale__gpc__d12,rbf_gscale,id_test,,,35.28432321548462,0.8943270300333704,0.8953623661982988,0.8941756655452917,0.8981779206859593,0.966976601412035,0.9627305628864984,0.22658491775760556,0.06964794925068468,0.032962440198773924,0.29697467114888243
classical_ext,gpc,12,rbf_gscale__gpc__d12,rbf_gscale,ood_test,,,35.28432321548462,0.9283333333333333,0.9289109766637856,0.928208695652174,0.9312,0.9771391529818496,0.9631212663830326,0.1884956847365286,0.05152826247264132,0.053375243395243285,0.283350165107759
classical_ext,svc,12,poly2__svc__d12,poly2,id_val,100.0,0.8948263814540345,0.22862625122070312,0.902330743618202,0.9035109770403889,0.9021280797906484,0.9065817409766455,0.9706276678595018,0.960300498226413,,,,
classical_ext,svc,12,poly2__svc__d12,poly2,id_test,100.0,0.8948263814540345,0.22862625122070312,0.896551724137931,0.89779827505966,0.89630332458931,0.9013785790031813,0.96153046371387,0.9493550815629029,,,,
classical_ext,svc,12,poly2__svc__d12,poly2,ood_test,100.0,0.8948263814540345,0.22862625122070312,0.9461111111111111,0.9463328806025435,0.9461063039264922,0.9466152999449642,0.9824262254599334,0.9760499489599371,,,,
classical_ext,gpc,12,poly2__gpc__d12,poly2,id_val,,,34.35840034484863,0.881243063263041,0.8826881179822357,0.880814948972969,0.8879581151832461,0.9648162935360167,0.9631627423410921,0.28153823422575563,0.08197027958595231,0.10420552951674497,0.41003273570315035
classical_ext,gpc,12,poly2__gpc__d12,poly2,id_test,,,34.35840034484863,0.8765294771968855,0.8781055362465219,0.8759770370655766,0.8842544316996872,0.9592331838120983,0.9573947349888183,0.29342570084025404,0.08650830957356774,0.11209039536092655,0.4198606289775401
classical_ext,gpc,12,poly2__gpc__d12,poly2,ood_test,,,34.35840034484863,0.8122222222222222,0.8126064946289666,0.8120995069619541,0.8169014084507042,0.9003654772194098,0.8538919845898837,0.3663308528558092,0.12054468663492794,0.11242225505531617,0.39634927364918326
classical_ext,svc,12,poly3__svc__d12,poly3,id_val,100.0,0.900053129951438,0.1925675868988037,0.9078801331853497,0.9087900117311882,0.9077910820611652,0.9106566200215285,0.9744033359950315,0.9653394026933573,,,,
classical_ext,svc,12,poly3__svc__d12,poly3,id_test,100.0,0.900053129951438,0.1925675868988037,0.8954393770856507,0.8964540692550673,0.8952982981296276,0.8991416309012875,0.9633029339829091,0.9488637769687964,,,,
classical_ext,svc,12,poly3__svc__d12,poly3,ood_test,100.0,0.900053129951438,0.1925675868988037,0.9427777777777778,0.9429497468823311,0.9427763471864574,0.9430624654505252,0.9798024447462649,0.9716459594180161,,,,
classical_ext,gpc,12,poly3__gpc__d12,poly3,id_val,,,36.35193634033203,0.876803551609323,0.878456510809452,0.8761788029045258,0.8849740932642487,0.9653535622393753,0.9631917861837019,0.259933455511136,0.07569788776851487,0.08224412213302615,0.3816406421435936
classical_ext,gpc,12,poly3__gpc__d12,poly3,id_test,,,36.35193634033203,0.8765294771968855,0.8781897038291299,0.8759005353778424,0.8847352024922118,0.9599758389527573,0.957964165992284,0.2706813741026911,0.07972597802338562,0.09491426485320048,0.391446021176752
classical_ext,gpc,12,poly3__gpc__d12,poly3,ood_test,,,36.35193634033203,0.8583333333333333,0.8585689591307568,0.8583140483010188,0.8599670510708401,0.9269045561180393,0.9001326872429231,0.30887192919246453,0.09765569673620528,0.10835533579375456,0.3718686877876555
classical_ext,svc,12,laplacian_med__svc__d12,laplacian_med,id_val,10.0,0.9058030528857788,0.1611323356628418,0.9145394006659268,0.9144880174291938,0.9145052786462217,0.912797281993205,0.9744279813483967,0.9723572063938963,,,,
classical_ext,svc,12,laplacian_med__svc__d12,laplacian_med,id_test,10.0,0.9058030528857788,0.1611323356628418,0.9087875417130145,0.908544494944994,0.9087051934927775,0.9059633027522935,0.967719256552694,0.9544856314132111,,,,
classical_ext,svc,12,laplacian_med__svc__d12,laplacian_med,ood_test,10.0,0.9058030528857788,0.1611323356628418,0.9455555555555556,0.9455488331892826,0.9455488331892826,0.9449438202247191,0.983402889245586,0.9782850721504442,,,,
classical_ext,gpc,12,laplacian_med__gpc__d12,laplacian_med,id_val,,,38.43795132637024,0.8945615982241953,0.8946287916876152,0.8945428918865974,0.8931383577052868,0.9767791480594249,0.9760806790732658,0.2029236627868822,0.06101301735377405,0.04208049412294416,0.2908610424302843
classical_ext,gpc,12,laplacian_med__gpc__d12,laplacian_med,id_test,,,38.43795132637024,0.9021134593993326,0.9024571983087266,0.9021133382826033,0.9022222222222223,0.9736010852667122,0.9715513223822781,0.2156147451574804,0.06500756095820967,0.04206744990834633,0.2992088170073504
classical_ext,gpc,12,laplacian_med__gpc__d12,laplacian_med,ood_test,,,38.43795132637024,0.9394444444444444,0.9397024323990616,0.9394345558271706,0.9402084476138234,0.977856525496975,0.958838567622093,0.19176587757827135,0.050445438721748496,0.07128695224131759,0.30440562082950673
classical_ext,svc,12,matern15_med__svc__d12,matern15_med,id_val,10.0,0.9045745989626377,0.17415666580200195,0.904550499445061,0.9047259929612871,0.9045447378016931,0.9038031319910514,0.971381815672473,0.9612501221747425,,,,
classical_ext,svc,12,matern15_med__svc__d12,matern15_med,id_test,10.0,0.9045745989626377,0.17415666580200195,0.9010011123470523,0.9011550762954381,0.9009932721803358,0.9001122334455668,0.9636891146560516,0.9385443698173548,,,,
classical_ext,svc,12,matern15_med__svc__d12,matern15_med,ood_test,10.0,0.9045745989626377,0.17415666580200195,0.9488888888888889,0.9490183973330041,0.9488888257886738,0.9489456159822419,0.9824682059513521,0.9778822699632689,,,,
classical_ext,gpc,12,matern15_med__gpc__d12,matern15_med,id_val,,,38.754462242126465,0.8956714761376249,0.8967655438243674,0.8954952420437495,0.8997867803837953,0.9712536598349747,0.9676301385392012,0.21738838643224878,0.06552106834878318,0.04375203047810793,0.3014298307557205
classical_ext,gpc,12,matern15_med__gpc__d12,matern15_med,id_test,,,38.754462242126465,0.8943270300333704,0.8954886175722108,0.8941174136902881,0.898828541001065,0.9667686579726504,0.9624189333983834,0.22939842419632106,0.06981372753310955,0.03694538956646058,0.3097691809443895
classical_ext,gpc,12,matern15_med__gpc__d12,matern15_med,ood_test,,,38.754462242126465,0.9327777777777778,0.9334053586862576,0.9326345430144527,0.935740839086564,0.9769946907025557,0.9623141437672862,0.1987186991473483,0.05422486342232558,0.06821300595792236,0.3031395138247644
classical_ext,svc,12,matern25_med__svc__d12,matern25_med,id_val,10.0,0.9028240685386706,0.1782071590423584,0.9034406215316315,0.9035947712418301,0.9034330084744197,0.9025755879059351,0.9753447884935774,0.9693390688521064,,,,
classical_ext,svc,12,matern25_med__svc__d12,matern25_med,id_test,10.0,0.9028240685386706,0.1782071590423584,0.899888765294772,0.9000633732386696,0.8998826953345411,0.899103139013453,0.9657239897414571,0.9413544228292767,,,,
classical_ext,svc,12,matern25_med__svc__d12,matern25_med,ood_test,10.0,0.9028240685386706,0.1782071590423584,0.9472222222222222,0.9474070872947278,0.9472202511266624,0.9475427940364439,0.9857031732312632,0.9814893780141696,,,,
classical_ext,gpc,12,matern25_med__gpc__d12,matern25_med,id_val,,,40.25096940994263,0.8879023307436182,0.8893497569968158,0.8874982228623352,0.8942408376963351,0.9701939096402764,0.9666188563788292,0.22250315023357048,0.06695711043201143,0.04551727469767165,0.30840647210516736
classical_ext,gpc,12,matern25_med__gpc__d12,matern25_med,id_test,,,40.25096940994263,0.8876529477196885,0.8892750695620315,0.887116044244036,0.894901144640999,0.9653724663082117,0.9614707648393481,0.23378634860006128,0.0710199304566337,0.03913232570164804,0.31741947260219017
classical_ext,gpc,12,matern25_med__gpc__d12,matern25_med,ood_test,,,40.25096940994263,0.9305555555555556,0.9312445980985307,0.9303696812881052,0.9339672477548864,0.9719039387578712,0.9563532045207748,0.20684949152781115,0.057672533433036896,0.06488029566875227,0.3057080315589102
classical_ext,svc,12,rbf_gscale_x0.1__svc__d12,rbf_gscale_x0.1,id_val,100.0,0.8972821913642054,0.16850948333740234,0.9012208657047724,0.9025054466230937,0.9009627200701507,0.9060190073917634,0.9718155738916985,0.9625895385031444,,,,
classical_ext,svc,12,rbf_gscale_x0.1__svc__d12,rbf_gscale_x0.1,id_test,100.0,0.8972821913642054,0.16850948333740234,0.896551724137931,0.897840358850964,0.8962801689648114,0.9015873015873016,0.9619513016269098,0.9480138001407992,,,,
classical_ext,svc,12,rbf_gscale_x0.1__svc__d12,rbf_gscale_x0.1,ood_test,100.0,0.8972821913642054,0.16850948333740234,0.9455555555555556,0.9457340412396592,0.9455538751196024,0.9458563535911603,0.983164588220768,0.9775898118648677,,,,
classical_ext,gpc,12,rbf_gscale_x0.1__gpc__d12,rbf_gscale_x0.1,id_val,,,36.60501456260681,0.8790233074361821,0.8804675716440422,0.8785871910098468,0.8858638743455497,0.9661816461124418,0.9651695623933402,0.28816237059074534,0.0842855252040748,0.11841587522423547,0.4186541424245939
classical_ext,gpc,12,rbf_gscale_x0.1__gpc__d12,rbf_gscale_x0.1,id_test,,,36.60501456260681,0.8743047830923248,0.8759221301329847,0.8737040891047134,0.882414151925078,0.9594658824228383,0.9580607232029714,0.29874737428050613,0.08812878250132944,0.12571488425063954,0.42861924648516003
classical_ext,gpc,12,rbf_gscale_x0.1__gpc__d12,rbf_gscale_x0.1,ood_test,,,36.60501456260681,0.8177777777777778,0.818212124953698,0.8176136300448181,0.8230852211434736,0.888307198419558,0.8094675810225044,0.3656931020081365,0.11731012414840437,0.09902682823365558,0.40755864846216805
classical_ext,svc,12,rbf_gscale_x0.3__svc__d12,rbf_gscale_x0.3,id_val,100.0,0.9041944416485306,0.2348775863647461,0.9100998890122086,0.9103402044578515,0.9100981171122895,0.9096989966555183,0.9762615956387583,0.973717340952005,,,,
classical_ext,svc,12,rbf_gscale_x0.3__svc__d12,rbf_gscale_x0.3,id_test,100.0,0.9041944416485306,0.2348775863647461,0.8954393770856507,0.8956123934289872,0.8954330373494095,0.8946188340807175,0.9660260028319917,0.9508531311486308,,,,
classical_ext,svc,12,rbf_gscale_x0.3__svc__d12,rbf_gscale_x0.3,ood_test,100.0,0.9041944416485306,0.2348775863647461,0.945,0.9451722434868502,0.9449986249656241,0.945273631840796,0.9851413754784542,0.9809843203273839,,,,
classical_ext,gpc,12,rbf_gscale_x0.3__gpc__d12,rbf_gscale_x0.3,id_val,,,37.27851152420044,0.8734739178690344,0.8753142282554047,0.8726378597149065,0.8829568788501027,0.9663590926566705,0.9643997816751118,0.24390171355679308,0.07246992131966103,0.06828354074447823,0.3469664995349888
classical_ext,gpc,12,rbf_gscale_x0.3__gpc__d12,rbf_gscale_x0.3,id_test,,,37.27851152420044,0.8698553948832035,0.8716815692798225,0.8690152263277116,0.8795056642636457,0.9594807355256513,0.9577328810318709,0.25297281206803957,0.07563183169356481,0.07226895406792765,0.3573112826417014
classical_ext,gpc,12,rbf_gscale_x0.3__gpc__d12,rbf_gscale_x0.3,ood_test,,,37.27851152420044,0.9105555555555556,0.9112915174712928,0.910273054143617,0.9153077327722251,0.9496406963822694,0.9189015356958169,0.25555823052165005,0.07602183845714239,0.08423426346081175,0.33717761037034916
classical_ext,svc,12,rbf_gscale_x3__svc__d12,rbf_gscale_x3,id_val,100.0,0.902234049579923,0.24417662620544434,0.9034406215316315,0.903385285738227,0.9034020680807959,0.9014722536806342,0.9666301915436865,0.9493381609577338,,,,
classical_ext,svc,12,rbf_gscale_x3__svc__d12,rbf_gscale_x3,id_test,100.0,0.902234049579923,0.24417662620544434,0.9032258064516129,0.9029176444959353,0.903117920081853,0.8998849252013809,0.9516333462060224,0.9387928628168078,,,,
classical_ext,svc,12,rbf_gscale_x3__svc__d12,rbf_gscale_x3,ood_test,100.0,0.902234049579923,0.24417662620544434,0.9405555555555556,0.9404679590072849,0.9405355688995467,0.9394453876627051,0.9639436967526857,0.9564290553026553,,,,
classical_ext,gpc,12,rbf_gscale_x3__gpc__d12,rbf_gscale_x3,id_val,,,44.5973117351532,0.8990011098779135,0.8991955756661638,0.8989966307983221,0.8983240223463688,0.9735555358392728,0.9702587615481024,0.20385199072569776,0.061988461513962756,0.04455295906858836,0.2768122125904864
classical_ext,gpc,12,rbf_gscale_x3__gpc__d12,rbf_gscale_x3,id_test,,,44.5973117351532,0.8987764182424917,0.899140005347117,0.8987759172577974,0.8990011098779135,0.9686005406529424,0.9637374818703112,0.21903698006758512,0.0672535973893507,0.043809871260948305,0.2837355071735511
classical_ext,gpc,12,rbf_gscale_x3__gpc__d12,rbf_gscale_x3,ood_test,,,44.5973117351532,0.9511111111111111,0.9513273243610323,0.9511072479800873,0.9515418502202643,0.981582911470552,0.9668600710985362,0.17752681593446798,0.046548680589627196,0.06624335565277698,0.2810087790770304
classical_ext,svc,12,rbf_gscale_x10__svc__d12,rbf_gscale_x10,id_val,1.0,0.8992757789270094,0.23621535301208496,0.9012208657047724,0.9014580191050778,0.9012189188023922,0.9007803790412486,0.9692968187777876,0.9579607169006153,,,,
classical_ext,svc,12,rbf_gscale_x10__svc__d12,rbf_gscale_x10,id_test,1.0,0.8992757789270094,0.23621535301208496,0.9021134593993326,0.9022467793522067,0.9021036479730733,0.9011235955056179,0.956698254265316,0.9359447658790245,,,,
classical_ext,svc,12,rbf_gscale_x10__svc__d12,rbf_gscale_x10,ood_test,1.0,0.8992757789270094,0.23621535301208496,0.9433333333333334,0.9433386837881219,0.9433276660999433,0.9427609427609428,0.9785627855290776,0.9621547143922806,,,,
classical_ext,gpc,12,rbf_gscale_x10__gpc__d12,rbf_gscale_x10,id_val,,,42.82221460342407,0.902330743618202,0.9025054466230937,0.9023248479831278,0.901565995525727,0.9750687605358885,0.9740726579208094,0.220277980026872,0.0651897322957302,0.04900752645294025,0.3183239098417301
classical_ext,gpc,12,rbf_gscale_x10__gpc__d12,rbf_gscale_x10,id_test,,,42.82221460342407,0.896551724137931,0.8966199289031479,0.8965332891120305,0.895152198421646,0.970244284030934,0.9678351972171406,0.23548003059882286,0.0708721363780655,0.050686656769362376,0.32134097554343516
classical_ext,gpc,12,rbf_gscale_x10__gpc__d12,rbf_gscale_x10,ood_test,,,42.82221460342407,0.9444444444444444,0.9444746264970985,0.9444410834729509,0.9440089585666294,0.980584022718854,0.9637540801103807,0.2024517250611522,0.052400332851507206,0.09551759306774936,0.33414514625581715
classical_ext,svc,12,laplacian_med_x0.1__svc__d12,laplacian_med_x0.1,id_val,1.0,0.9008436579602961,0.33853960037231445,0.9067702552719201,0.9069465392994804,0.9067646276202583,0.9060402684563759,0.9710712842200732,0.9719743695241059,,,,
classical_ext,svc,12,laplacian_med_x0.1__svc__d12,laplacian_med_x0.1,id_test,1.0,0.9008436579602961,0.33853960037231445,0.9098998887652948,0.9099307845408906,0.9098780329329645,0.9084745762711864,0.9673330758795513,0.9677801858930947,,,,
classical_ext,svc,12,laplacian_med_x0.1__svc__d12,laplacian_med_x0.1,ood_test,1.0,0.9008436579602961,0.33853960037231445,0.9377777777777778,0.9376713174465983,0.9377528789293494,0.9365079365079365,0.9825077170020989,0.9726306191774969,,,,
classical_ext,gpc,12,laplacian_med_x0.1__gpc__d12,laplacian_med_x0.1,id_val,,,44.09872364997864,0.9078801331853497,0.9081196581196581,0.9078783175348153,0.907469342251951,0.9756060292392472,0.9751118954444922,0.2672251934151763,0.07626183146790902,0.0966688991252062,0.4114692377665202
classical_ext,gpc,12,laplacian_med_x0.1__gpc__d12,laplacian_med_x0.1,id_test,,,44.09872364997864,0.9087875417130145,0.9088390814841221,0.9087684646152627,0.90744920993228,0.9710513026171167,0.9688453446418231,0.278193669641889,0.08097683817902479,0.10216070850092906,0.41339176219329066
classical_ext,gpc,12,laplacian_med_x0.1__gpc__d12,laplacian_med_x0.1,ood_test,,,44.09872364997864,0.9477777777777778,0.9477960242005186,0.947773651251457,0.9473094170403588,0.9821607605877267,0.9745280890719178,0.2672528815317004,0.07251814038403144,0.15462410532096005,0.4318221564740881
classical_ext,svc,12,laplacian_med_x0.3__svc__d12,laplacian_med_x0.3,id_val,10.0,0.9032370291018561,0.2334151268005371,0.9067702552719201,0.9068627450980392,0.9067563571850976,0.9056179775280899,0.9711698656335336,0.9653849085708737,,,,
classical_ext,svc,12,laplacian_med_x0.3__svc__d12,laplacian_med_x0.3,id_test,10.0,0.9032370291018561,0.2334151268005371,0.9154616240266963,0.9151367970769093,0.9153609831029186,0.9124423963133641,0.9676994524156095,0.9645778783931352,,,,
classical_ext,svc,12,laplacian_med_x0.3__svc__d12,laplacian_med_x0.3,ood_test,10.0,0.9032370291018561,0.2334151268005371,0.9411111111111111,0.9410667983701692,0.9410988218529546,0.9402480270574972,0.980830966786023,0.970490031124924,,,,
classical_ext,gpc,12,laplacian_med_x0.3__gpc__d12,laplacian_med_x0.3,id_val,,,42.22607469558716,0.9012208657047724,0.9014161220043573,0.901216485066491,0.9005586592178771,0.9788296414593992,0.9783305800197973,0.20183124002837566,0.059954442612741375,0.047427242481673,0.2986958436907705
classical_ext,gpc,12,laplacian_med_x0.3__gpc__d12,laplacian_med_x0.3,id_test,,,42.22607469558716,0.9054505005561735,0.9057323074790323,0.905450032603437,0.9052396878483835,0.9752101714048065,0.9734622280863091,0.2153301107925018,0.0645557651984655,0.05090417974885315,0.30467995306859524
classical_ext,gpc,12,laplacian_med_x0.3__gpc__d12,laplacian_med_x0.3,ood_test,,,42.22607469558716,0.9516666666666667,0.9518026916903322,0.9516665324070345,0.9517470881863561,0.9826645264847511,0.9670218297981765,0.18840392223537444,0.04851354903031066,0.08302346688389932,0.3154222003118837
classical_ext,svc,12,laplacian_med_x3__svc__d12,laplacian_med_x3,id_val,100.0,0.9006860086936929,0.19748711585998535,0.9100998890122086,0.9100888218535277,0.9100715302293774,0.9084745762711864,0.974886384920987,0.9721156753948172,,,,
classical_ext,svc,12,laplacian_med_x3__svc__d12,laplacian_med_x3,id_test,100.0,0.9006860086936929,0.19748711585998535,0.9132369299221357,0.9130796423372842,0.9131801028140136,0.910958904109589,0.9697491806038281,0.9627357939258144,,,,
classical_ext,svc,12,laplacian_med_x3__svc__d12,laplacian_med_x3,ood_test,100.0,0.9006860086936929,0.19748711585998535,0.9477777777777778,0.9477219409803679,0.9477651382309793,0.9469525959367946,0.9823472033584393,0.977183820379844,,,,
classical_ext,gpc,12,laplacian_med_x3__gpc__d12,laplacian_med_x3,id_val,,,37.65536546707153,0.8867924528301887,0.8872549019607843,0.8867856192531709,0.8876651982378855,0.9721606088388095,0.9712770936777687,0.22622652849321181,0.06629233121273094,0.050757244521648835,0.33349419094313354
classical_ext,gpc,12,laplacian_med_x3__gpc__d12,laplacian_med_x3,id_test,,,37.65536546707153,0.9010011123470523,0.9017442493736941,0.9009520909233834,0.9031556039173014,0.9708087019378349,0.9688013096724102,0.2355762867114046,0.06875435253896885,0.056417345622749096,0.34362619528038457
classical_ext,gpc,12,laplacian_med_x3__gpc__d12,laplacian_med_x3,ood_test,,,37.65536546707153,0.9061111111111111,0.9066983578219533,0.9059389852603731,0.9099627064464572,0.9594283244845042,0.9030448719167945,0.23960290727068204,0.0672279368784133,0.08003264518577985,0.34748269531572007
classical_ext,svc,12,laplacian_med_x10__svc__d12,laplacian_med_x10,id_val,100.0,0.902351311608137,0.1816544532775879,0.9123196448390677,0.9122674710910005,0.9122846365331365,0.9105322763306908,0.9776811679925868,0.9773207358512651,,,,
classical_ext,svc,12,laplacian_med_x10__svc__d12,laplacian_med_x10,id_test,100.0,0.902351311608137,0.1816544532775879,0.9021134593993326,0.9019942766043827,0.9020600178270773,0.8997722095671982,0.9722791591163393,0.9673371438599982,,,,
classical_ext,svc,12,laplacian_med_x10__svc__d12,laplacian_med_x10,ood_test,100.0,0.902351311608137,0.1816544532775879,0.9494444444444444,0.9495431534757377,0.9494443040119556,0.9493600445186422,0.9841610075317941,0.9785248294011831,,,,
classical_ext,gpc,12,laplacian_med_x10__gpc__d12,laplacian_med_x10,id_val,,,31.315040111541748,0.8745837957824639,0.8756494050611698,0.8743832548843005,0.87940234791889,0.9666794822504166,0.9639333534910421,0.2671946678582951,0.07496618709987593,0.09556910707090292,0.41443071236473245
classical_ext,gpc,12,laplacian_med_x10__gpc__d12,laplacian_med_x10,id_test,,,31.315040111541748,0.8776418242491657,0.8789868203467704,0.877277240009928,0.8839662447257384,0.9666102248759767,0.9635007529924527,0.27464219297144465,0.07689313022673994,0.08492997241019337,0.4247581611764627
classical_ext,gpc,12,laplacian_med_x10__gpc__d12,laplacian_med_x10,ood_test,,,31.315040111541748,0.8983333333333333,0.898820842079269,0.8982164393119382,0.9016657710908114,0.927856525496975,0.864204862475495,0.31704604716572765,0.09306522515182516,0.11752975659153636,0.42851804599309706
classical_ext,svc,12,matern15_med_x0.1__svc__d12,matern15_med_x0.1,id_val,1.0,0.89473398321345,0.34665632247924805,0.8912319644839067,0.8915284062342885,0.8912318305001232,0.8911111111111111,0.9614990289730775,0.9566419574586584,,,,
classical_ext,svc,12,matern15_med_x0.1__svc__d12,matern15_med_x0.1,id_test,1.0,0.89473398321345,0.34665632247924805,0.899888765294772,0.8999792056560616,0.8998737748737748,0.8986486486486487,0.9592282327778273,0.9569140048329121,,,,
classical_ext,svc,12,matern15_med_x0.1__svc__d12,matern15_med_x0.1,ood_test,1.0,0.89473398321345,0.34665632247924805,0.9333333333333333,0.9331892826274848,0.9332970172649553,0.931740614334471,0.9815224101740956,0.971838777669734,,,,
classical_ext,gpc,12,matern15_med_x0.1__gpc__d12,matern15_med_x0.1,id_val,,,42.35435771942139,0.8956714761376249,0.8959694989106753,0.8956713476225671,0.8955555555555555,0.9709332702412288,0.9702956094833359,0.2781714642523252,0.08123438053197467,0.08960154847788644,0.4132642557280768
classical_ext,gpc,12,matern15_med_x0.1__gpc__d12,matern15_med_x0.1,id_test,,,42.35435771942139,0.899888765294772,0.8999371218647576,0.8998678270167517,0.8984198645598194,0.966308211785442,0.9643341910907949,0.28908667619904005,0.08600428154907963,0.09110877207526259,0.41430908514833437
classical_ext,gpc,12,matern15_med_x0.1__gpc__d12,matern15_med_x0.1,ood_test,,,42.35435771942139,0.9472222222222222,0.9471971848376343,0.9472136037025798,0.9465391108610017,0.9807272502778119,0.9685587384216746,0.27756558029993333,0.07654678028546574,0.1630524835750844,0.43766524705630994
classical_ext,svc,12,matern15_med_x0.3__svc__d12,matern15_med_x0.3,id_val,1.0,0.8996131394970031,0.18724894523620605,0.897891231964484,0.8981062510474276,0.897888087354147,0.8973214285714286,0.9708445469691143,0.964297485178334,,,,
classical_ext,svc,12,matern15_med_x0.3__svc__d12,matern15_med_x0.3,id_test,1.0,0.8996131394970031,0.18724894523620605,0.8976640711902113,0.8978378833338285,0.8976578663419753,0.8968609865470852,0.9580053273128756,0.928313102729047,,,,
classical_ext,svc,12,matern15_med_x0.3__svc__d12,matern15_med_x0.3,ood_test,1.0,0.8996131394970031,0.18724894523620605,0.9494444444444444,0.9495308062723793,0.9494440543522712,0.9493036211699164,0.980513643659711,0.9701670242079251,,,,
classical_ext,gpc,12,matern15_med_x0.3__gpc__d12,matern15_med_x0.3,id_val,,,44.006675004959106,0.9012208657047724,0.9014580191050778,0.9012189188023922,0.9007803790412486,0.975877128126263,0.9749634949525214,0.20712646241962557,0.0626135573231871,0.04079385642118585,0.2910480506022787
classical_ext,gpc,12,matern15_med_x0.3__gpc__d12,matern15_med_x0.3,id_test,,,44.006675004959106,0.8932146829810901,0.8933448197328422,0.893203979606989,0.8921348314606742,0.971076057788472,0.9688544470759679,0.22156871336212045,0.06768148698926625,0.038106741457670915,0.29646714006844577
classical_ext,gpc,12,matern15_med_x0.3__gpc__d12,matern15_med_x0.3,ood_test,,,44.006675004959106,0.9516666666666667,0.9518150388936906,0.9516662937214022,0.9518005540166204,0.9815582170638351,0.9659990749429184,0.18649075453589678,0.04818631114499148,0.08113116364681215,0.3058810207695583
classical_ext,svc,12,matern15_med_x3__svc__d12,matern15_med_x3,id_val,100.0,0.9042172146295941,0.19214940071105957,0.9034406215316315,0.9035528741411094,0.9034287256021614,0.9023569023569024,0.9738611382209998,0.9656800124021189,,,,
classical_ext,svc,12,matern15_med_x3__svc__d12,matern15_med_x3,id_test,100.0,0.9042172146295941,0.19214940071105957,0.8987764182424917,0.898971670181901,0.8987719092017101,0.8980963045912654,0.9651892780401825,0.9404917549565122,,,,
classical_ext,svc,12,matern15_med_x3__svc__d12,matern15_med_x3,ood_test,100.0,0.9042172146295941,0.19214940071105957,0.9488888888888889,0.9490307445363625,0.9488886364870938,0.9490022172949002,0.9865859982713916,0.9823386417619052,,,,
classical_ext,gpc,12,matern15_med_x3__gpc__d12,matern15_med_x3,id_val,,,39.51102137565613,0.8734739178690344,0.8751466398525223,0.8728119706380576,0.8819875776397516,0.9654767890062007,0.9638712346927893,0.2719728377535229,0.07819146793078663,0.10066640990862466,0.40846696685580886
classical_ext,gpc,12,matern15_med_x3__gpc__d12,matern15_med_x3,id_test,,,39.51102137565613,0.8720800889877642,0.8738228916020556,0.8713440031260227,0.8810754912099276,0.9607382982305004,0.9589773706867291,0.2814425055335368,0.08156958041789394,0.10568407270727949,0.4179533747654993
classical_ext,gpc,12,matern15_med_x3__gpc__d12,matern15_med_x3,ood_test,,,39.51102137565613,0.8511111111111112,0.8513149771576738,0.851099346121175,0.8524229074889867,0.921559451784171,0.8842626742095494,0.3222181968918727,0.09941941542356063,0.11034779908321521,0.40578674849954977
classical_ext,svc,12,matern15_med_x10__svc__d12,matern15_med_x10,id_val,100.0,0.8885840543113798,0.20848894119262695,0.8845726970033296,0.8866683425506955,0.8835361730899256,0.8945233265720081,0.9705537317994066,0.9594903254069881,,,,
classical_ext,svc,12,matern15_med_x10__svc__d12,matern15_med_x10,id_test,100.0,0.8885840543113798,0.20848894119262695,0.882091212458287,0.8842373921912288,0.8809765285424515,0.8924949290060852,0.9660061986949073,0.9520188889944761,,,,
classical_ext,svc,12,matern15_med_x10__svc__d12,matern15_med_x10,ood_test,100.0,0.8885840543113798,0.20848894119262695,0.9266666666666666,0.9274725274725275,0.9263816454817664,0.9309623430962343,0.986092110137054,0.9815615553566029,,,,
classical_ext,gpc,12,matern15_med_x10__gpc__d12,matern15_med_x10,id_val,,,25.591423988342285,0.8745837957824639,0.875523713759008,0.8744445992790735,0.878625134264232,0.952656276185688,0.955372727827777,0.40108269772687394,0.11813009474974244,0.19384249802833484,0.5747803273842491
classical_ext,gpc,12,matern15_med_x10__gpc__d12,matern15_med_x10,id_test,,,25.591423988342285,0.8598442714126807,0.8606778956123935,0.8597358019554816,0.8636363636363636,0.9464743684955788,0.9491330771839207,0.4128843304004811,0.123530805204015,0.20193137948402318,0.5792870339926445
classical_ext,gpc,12,matern15_med_x10__gpc__d12,matern15_med_x10,ood_test,,,25.591423988342285,0.6866666666666666,0.6856895913075689,0.6837792983837608,0.6535626535626535,0.8500938387455241,0.7528939371350833,0.5008775037486084,0.16465438788574369,0.25476673142202383,0.5780006557199958
classical_ext,svc,12,matern25_med_x0.1__svc__d12,matern25_med_x0.1,id_val,1.0,0.892673158883718,0.30809640884399414,0.8901220865704772,0.8903971845148315,0.8901215451646163,0.8898776418242491,0.9612870789341378,0.9550365061973489,,,,
classical_ext,svc,12,matern25_med_x0.1__svc__d12,matern25_med_x0.1,id_test,1.0,0.892673158883718,0.30809640884399414,0.8976640711902113,0.8977116319599164,0.8976426676171241,0.8961625282167043,0.9573121825149273,0.9536769101655774,,,,
classical_ext,svc,12,matern25_med_x0.1__svc__d12,matern25_med_x0.1,ood_test,1.0,0.892673158883718,0.30809640884399414,0.9327777777777778,0.9326274848746758,0.9327393935613255,0.9311326124075128,0.9800901345845167,0.9692187214479895,,,,
classical_ext,gpc,12,matern25_med_x0.1__gpc__d12,matern25_med_x0.1,id_val,,,43.07169437408447,0.8934517203107658,0.8937908496732025,0.8934515890613451,0.893569844789357,0.9706276678595018,0.9699938991366633,0.2789623005518955,0.0817183302306253,0.09059062825538947,0.41232867719801575
classical_ext,gpc,12,matern25_med_x0.1__gpc__d12,matern25_med_x0.1,id_test,,,43.07169437408447,0.8976640711902113,0.8976695481686124,0.8976355733338615,0.8959276018099548,0.965902226975215,0.964043405584558,0.28992188639009636,0.08649249411363628,0.09178814349822219,0.41306512244665045
classical_ext,gpc,12,matern25_med_x0.1__gpc__d12,matern25_med_x0.1,ood_test,,,43.07169437408447,0.9461111111111111,0.9460859365353746,0.9461023111489499,0.9454136184580754,0.9803654772194097,0.967521355782403,0.2781982540276172,0.07690687622765356,0.1616727159295497,0.4367559408846461
classical_ext,svc,12,matern25_med_x0.3__svc__d12,matern25_med_x0.3,id_val,1.0,0.9011211538702651,0.11520051956176758,0.9001109877913429,0.9003686944863416,0.9001098803634429,0.8997772828507795,0.9716233401354508,0.9659728308681731,,,,
classical_ext,svc,12,matern25_med_x0.3__svc__d12,matern25_med_x0.3,id_test,1.0,0.9011211538702651,0.11520051956176758,0.8987764182424917,0.899013753973205,0.8987744142739595,0.8983240223463688,0.9590747507154244,0.9307169087433014,,,,
classical_ext,svc,12,matern25_med_x0.3__svc__d12,matern25_med_x0.3,ood_test,1.0,0.9011211538702651,0.11520051956176758,0.9466666666666667,0.9467835535251266,0.9466666666666667,0.9466666666666667,0.9802629954315346,0.9720979572653943,,,,
classical_ext,gpc,12,matern25_med_x0.3__gpc__d12,matern25_med_x0.3,id_val,,,45.468326568603516,0.9001109877913429,0.9003267973856208,0.9001079115421002,0.8995535714285714,0.975537022249825,0.9742517649846272,0.20656346635937944,0.0624596443092603,0.037762943514598454,0.2879740088819443
classical_ext,gpc,12,matern25_med_x0.3__gpc__d12,matern25_med_x0.3,id_test,,,45.468326568603516,0.8954393770856507,0.8955703096376832,0.8954288966985101,0.8943820224719101,0.9707839467664795,0.9680935428309809,0.2211932462058881,0.06755346646633352,0.03732303419661154,0.2934923555271891
classical_ext,gpc,12,matern25_med_x0.3__gpc__d12,matern25_med_x0.3,ood_test,,,45.468326568603516,0.9527777777777777,0.9529386343993085,0.9527770636037397,0.9529607083563918,0.9814359797505864,0.9660884804581411,0.1843900138852742,0.047735512935653285,0.07615947485456656,0.30051695234889775
classical_ext,svc,12,matern25_med_x3__svc__d12,matern25_med_x3,id_val,100.0,0.8977923954458381,0.19513440132141113,0.9001109877913429,0.9013323278029161,0.8998829560270238,0.9046610169491526,0.9731464229734126,0.965156512328981,,,,
classical_ext,svc,12,matern25_med_x3__svc__d12,matern25_med_x3,id_test,100.0,0.8977923954458381,0.19513440132141113,0.8976640711902113,0.8989320619077326,0.897407017822411,0.902542372881356,0.9641545118775311,0.9481256716788413,,,,
classical_ext,svc,12,matern25_med_x3__svc__d12,matern25_med_x3,ood_test,100.0,0.8977923954458381,0.19513440132141113,0.9444444444444444,0.9446351401407581,0.9444419751988977,0.9448123620309051,0.983109025805655,0.9776139801372428,,,,
classical_ext,gpc,12,matern25_med_x3__gpc__d12,matern25_med_x3,id_val,,,38.978413343429565,0.8779134295227525,0.8793363499245852,0.8774895178197064,0.8846960167714885,0.9658859018720611,0.9648109004633905,0.29606552606188236,0.08568667446911857,0.1261164293367768,0.4375027441276696
classical_ext,gpc,12,matern25_med_x3__gpc__d12,matern25_med_x3,id_test,,,38.978413343429565,0.8743047830923248,0.8759221301329847,0.8737040891047134,0.882414151925078,0.9581835645466339,0.9565875420063162,0.30672469308077044,0.08968408471373605,0.1329658088272906,0.4467966202227894
classical_ext,gpc,12,matern25_med_x3__gpc__d12,matern25_med_x3,ood_test,,,38.978413343429565,0.8138888888888889,0.8142918878873935,0.8137508690853932,0.8188209843158464,0.8875984689467835,0.814815049775545,0.3745077366648699,0.11987947777358021,0.10334539949026317,0.43058436443885373
classical_ext,svc,12,matern25_med_x10__svc__d12,matern25_med_x10,id_val,100.0,0.8668710876613904,0.2599170207977295,0.8845726970033296,0.8866683425506955,0.8835361730899256,0.8945233265720081,0.9499551454568755,0.9176870715937242,,,,
classical_ext,svc,12,matern25_med_x10__svc__d12,matern25_med_x10,id_test,100.0,0.8668710876613904,0.2599170207977295,0.882091212458287,0.8842373921912288,0.8809765285424515,0.8924949290060852,0.9319282298072067,0.8887683409181111,,,,
classical_ext,svc,12,matern25_med_x10__svc__d12,matern25_med_x10,ood_test,100.0,0.8668710876613904,0.2599170207977295,0.9222222222222223,0.9230769230769231,0.921875,0.9270833333333334,0.9446376095814298,0.912633663356775,,,,
classical_ext,gpc,12,matern25_med_x10__gpc__d12,matern25_med_x10,id_val,,,24.981927633285522,0.8745837957824639,0.875523713759008,0.8744445992790735,0.878625134264232,0.945878804010292,0.9508811634738701,0.4405304970815092,0.13311634534439107,0.2298704387732842,0.6081631139886516
classical_ext,gpc,12,matern25_med_x10__gpc__d12,matern25_med_x10,id_test,,,24.981927633285522,0.8598442714126807,0.8606778956123935,0.8597358019554816,0.8636363636363636,0.9352701779401716,0.9423543025443143,0.45186852058973076,0.13847911441910898,0.22503023123014912,0.611346287731967
classical_ext,gpc,12,matern25_med_x10__gpc__d12,matern25_med_x10,ood_test,,,24.981927633285522,0.6866666666666666,0.6856895913075689,0.6837792983837608,0.6535626535626535,0.8419656747746636,0.7337618561254036,0.5389001221435977,0.17938858483244258,0.2771820006792026,0.6119430473061435
quantum,svc,12,zz_r1_full__as0.5__svc__d12,zz_r1_full__as0.5,id_val,1.0,0.8916256682963752,0.28824830055236816,0.8879023307436182,0.8883442265795207,0.8878973594574784,0.8886438809261301,0.9592661599582014,0.9407597220346899,,,,
quantum,svc,12,zz_r1_full__as0.5__svc__d12,zz_r1_full__as0.5,id_test,1.0,0.8916256682963752,0.28824830055236816,0.8943270300333704,0.8947311093287388,0.8943249379783094,0.8947951273532669,0.9615304637138697,0.9556492977761979,,,,
quantum,svc,12,zz_r1_full__as0.5__svc__d12,zz_r1_full__as0.5,ood_test,1.0,0.8916256682963752,0.28824830055236816,0.9427777777777778,0.9427892332386714,0.9427726732415329,0.9422321929332585,0.9830423509075195,0.977671330415087,,,,
quantum,gpc,12,zz_r1_full__as0.5__gpc__d12,zz_r1_full__as0.5,id_val,,,42.13554906845093,0.8890122086570478,0.8893078598960952,0.8890120719389012,0.8888888888888888,0.9709480574532477,0.9698110572025795,0.2693703861788401,0.07789355782845657,0.08558684677729171,0.4067983307993471
quantum,gpc,12,zz_r1_full__as0.5__gpc__d12,zz_r1_full__as0.5,id_test,,,42.13554906845093,0.8865406006674083,0.8865841824357108,0.8865168706189854,0.8848758465011287,0.9671399855429801,0.9649545742036936,0.2812140424111608,0.08295523212139859,0.09204630797423935,0.4104917707553506
quantum,gpc,12,zz_r1_full__as0.5__gpc__d12,zz_r1_full__as0.5,ood_test,,,42.13554906845093,0.9227777777777778,0.9224780837140387,0.9226706384246568,0.9197922677437969,0.9783355969872822,0.9705140694730608,0.2887286497448986,0.08236068005232279,0.15712534693358796,0.4390276109239399
quantum,svc,12,zz_r2_full__as0.5__svc__d12,zz_r2_full__as0.5,id_val,100.0,0.8436927650458047,0.4647185802459717,0.8901220865704772,0.8899363164069046,0.8900440691546735,0.887115165336374,0.9493735151174598,0.9402552334123201,,,,
quantum,svc,12,zz_r2_full__as0.5__svc__d12,zz_r2_full__as0.5,id_test,100.0,0.8436927650458047,0.4647185802459717,0.8809788654060067,0.880452326491004,0.8807427712090612,0.8754365541327125,0.9376268702531959,0.9380018860316774,,,,
quantum,svc,12,zz_r2_full__as0.5__svc__d12,zz_r2_full__as0.5,ood_test,100.0,0.8436927650458047,0.4647185802459717,0.8983333333333333,0.8977836769971601,0.8979728057571338,0.8919078558771412,0.9661229781454502,0.958634733855052,,,,
quantum,gpc,12,zz_r2_full__as0.5__gpc__d12,zz_r2_full__as0.5,id_val,,,37.37060332298279,0.8834628190899001,0.8833165744930451,0.8833932975643306,0.8805460750853242,0.961691262729325,0.9609881825037453,0.3658216897836668,0.11293602648179771,0.1556012036250658,0.4988274001958171
quantum,gpc,12,zz_r2_full__as0.5__gpc__d12,zz_r2_full__as0.5,id_test,,,37.37060332298279,0.8776418242491657,0.8774718038598264,0.8775616834556602,0.8744292237442922,0.9578716493875571,0.9546808909376874,0.3744425459111179,0.11700601920491485,0.15864427685187782,0.49912724738426884
quantum,gpc,12,zz_r2_full__as0.5__gpc__d12,zz_r2_full__as0.5,ood_test,,,37.37060332298279,0.8672222222222222,0.8662489196197062,0.8659552093476144,0.8529230769230769,0.9742387949129522,0.9675736795663876,0.38316769048994515,0.11726324806733307,0.2268128369948789,0.5284061743976696
quantum,svc,12,pauli_xz_r1_full__as0.5__svc__d12,pauli_xz_r1_full__as0.5,id_val,100.0,0.9039695608682822,0.21132874488830566,0.9112097669256382,0.9111781464722641,0.9111781464722641,0.9095022624434389,0.9769910980983646,0.9725535245923705,,,,
quantum,svc,12,pauli_xz_r1_full__as0.5__svc__d12,pauli_xz_r1_full__as0.5,id_test,100.0,0.9039695608682822,0.21132874488830566,0.9021134593993326,0.9017838576478626,0.9019969278033795,0.8986175115207373,0.9644169166938973,0.9523196293123964,,,,
quantum,svc,12,pauli_xz_r1_full__as0.5__svc__d12,pauli_xz_r1_full__as0.5,ood_test,100.0,0.9039695608682822,0.21132874488830566,0.9422222222222222,0.9422274354858624,0.942216443866609,0.941638608305275,0.9812976910729717,0.975414219228033,,,,
quantum,gpc,12,pauli_xz_r1_full__as0.5__gpc__d12,pauli_xz_r1_full__as0.5,id_val,,,39.54164671897888,0.897891231964484,0.8983995307524719,0.8978810427240921,0.8989010989010989,0.9720373820719841,0.9682338125878172,0.20853637844704054,0.06364213486425722,0.039999103681841126,0.2799572740941503
quantum,gpc,12,pauli_xz_r1_full__as0.5__gpc__d12,pauli_xz_r1_full__as0.5,id_test,,,39.54164671897888,0.8943270300333704,0.8951519472417788,0.8942516638291287,0.8970747562296858,0.9674618027705988,0.9631481749196499,0.22366488243057212,0.06897559907975162,0.036173034279162575,0.28781523928716224
quantum,gpc,12,pauli_xz_r1_full__as0.5__gpc__d12,pauli_xz_r1_full__as0.5,ood_test,,,39.54164671897888,0.9416666666666667,0.9419496234102975,0.941653538712877,0.9425287356321839,0.9795369798740585,0.9655826233425936,0.18148819733297944,0.04905408127722888,0.058056313437629195,0.2765324570463664
quantum,svc,12,zmap_r2__as0.5__svc__d12,zmap_r2__as0.5,id_val,100.0,0.9043321249381953,0.18806004524230957,0.9012208657047724,0.9010390480978716,0.9011507288360197,0.8985176738882554,0.9692179536470193,0.958591751106426,,,,
quantum,svc,12,zmap_r2__as0.5__svc__d12,zmap_r2__as0.5,id_test,100.0,0.9043321249381953,0.18806004524230957,0.9043381535038932,0.9040935151353118,0.9042517882973031,0.9013761467889908,0.9567725197793819,0.9461776281089381,,,,
quantum,svc,12,zmap_r2__as0.5__svc__d12,zmap_r2__as0.5,ood_test,100.0,0.9043321249381953,0.18806004524230957,0.9411111111111111,0.9410421039634522,0.9410947485412615,0.9401129943502825,0.970442029880232,0.9627012865460711,,,,
quantum,gpc,12,zmap_r2__as0.5__gpc__d12,zmap_r2__as0.5,id_val,,,41.62383532524109,0.8990011098779135,0.8992793698676051,0.8990006122220211,0.8987764182424917,0.972623941482073,0.9693316348160903,0.20513784701419657,0.06269352186414578,0.03771792627457312,0.2756106247468808
quantum,gpc,12,zmap_r2__as0.5__gpc__d12,zmap_r2__as0.5,id_test,,,41.62383532524109,0.8954393770856507,0.8957386448028993,0.8954392477109626,0.8953229398663697,0.9682391151511551,0.9635785865319078,0.22045527768270684,0.06798253939747034,0.04303283802532998,0.2829557186867357
quantum,gpc,12,zmap_r2__as0.5__gpc__d12,zmap_r2__as0.5,ood_test,,,41.62383532524109,0.9505555555555556,0.9507778738115817,0.9505511448397712,0.9510181618051734,0.9810050623533768,0.9653039117530682,0.17816490871534366,0.047048605505456205,0.06415560831313552,0.27782592488087066
quantum,svc,12,zz_r1_full__svc__d12,zz_r1_full,id_val,1.0,0.8898423713963093,0.34455108642578125,0.9034406215316315,0.9038880509468745,0.9034363393346596,0.9040793825799338,0.9605427892625124,0.9497475544349445,,,,
quantum,svc,12,zz_r1_full__svc__d12,zz_r1_full,id_test,1.0,0.8898423713963093,0.34455108642578125,0.8921023359288098,0.8924214518412896,0.8921023359288098,0.8921023359288098,0.9586638148709266,0.9467162289521097,,,,
quantum,svc,12,zz_r1_full__svc__d12,zz_r1_full,ood_test,1.0,0.8898423713963093,0.34455108642578125,0.9422222222222222,0.9422027410791456,0.9422135899313354,0.9415073115860517,0.9826163723916532,0.9777550411088995,,,,
quantum,gpc,12,zz_r1_full__gpc__d12,zz_r1_full,id_val,,,37.16926646232605,0.8990011098779135,0.899405061169767,0.8989991192249179,0.8994475138121547,0.9682765011484735,0.9668204970235592,0.31439987661073415,0.09231477553570644,0.12499089571208093,0.4620587327613188
quantum,gpc,12,zz_r1_full__gpc__d12,zz_r1_full,id_test,,,37.16926646232605,0.8898776418242491,0.8900276267712325,0.889868920739924,0.8888888888888888,0.9640505401578389,0.9602615932409622,0.3255172995357274,0.09729008168227515,0.12001999742820686,0.4644234063407886
quantum,gpc,12,zz_r1_full__gpc__d12,zz_r1_full,ood_test,,,37.16926646232605,0.9294444444444444,0.9292566983578219,0.9293921205189402,0.9274700171330669,0.9776342758365231,0.970513477172726,0.3330739036991276,0.09726314286708311,0.20220082551457874,0.4913223903888364
quantum,svc,12,zz_r2_full__svc__d12,zz_r2_full,id_val,100.0,0.797598713912311,0.4670586585998535,0.8512763596004439,0.8500502765208647,0.8502936245771706,0.8381642512077294,0.9450507201372252,0.9363622284274282,,,,
quantum,svc,12,zz_r2_full__svc__d12,zz_r2_full,id_test,100.0,0.797598713912311,0.4670586585998535,0.8464961067853171,0.8450524314529305,0.8451764106864742,0.8308823529411765,0.9409094059749082,0.9358586893235292,,,,
quantum,svc,12,zz_r2_full__svc__d12,zz_r2_full,ood_test,100.0,0.797598713912311,0.4670586585998535,0.7966666666666666,0.7947894801827387,0.7900305966343701,0.7527027027027027,0.9601518706013087,0.9325464129189339,,,,
quantum,gpc,12,zz_r2_full__gpc__d12,zz_r2_full,id_val,,,33.09857892990112,0.8601553829078802,0.8591000502765209,0.859423757021011,0.8492822966507177,0.9530900344049132,0.9553060123543766,0.4289158622067444,0.13878630162834646,0.16009893703259548,0.5430168518059872
quantum,gpc,12,zz_r2_full__gpc__d12,zz_r2_full,id_test,,,33.09857892990112,0.8509454949944383,0.8497138302191327,0.8499561573949521,0.837772397094431,0.9454445533671983,0.9402766330165921,0.4373474406837908,0.14277183683615158,0.1355795274298943,0.5419257606412504
quantum,gpc,12,zz_r2_full__gpc__d12,zz_r2_full,ood_test,,,33.09857892990112,0.7977777777777778,0.7958883812816397,0.7910924792017131,0.7537212449255751,0.969951845906902,0.9629369903988739,0.45630830442726217,0.14814549907505414,0.256069614408995,0.5723939071739579
quantum,svc,12,pauli_xz_r1_full__svc__d12,pauli_xz_r1_full,id_val,1.0,0.9010485412439089,0.15269970893859863,0.9001109877913429,0.9003267973856208,0.9001079115421002,0.8995535714285714,0.9712585889056478,0.9659339693623478,,,,
quantum,svc,12,pauli_xz_r1_full__svc__d12,pauli_xz_r1_full,id_test,1.0,0.9010485412439089,0.15269970893859863,0.8976640711902113,0.8977537157512204,0.8976487476487476,0.8963963963963963,0.9587677865906188,0.9294577612801098,,,,
quantum,svc,12,pauli_xz_r1_full__svc__d12,pauli_xz_r1_full,ood_test,1.0,0.9010485412439089,0.15269970893859863,0.9466666666666667,0.9467835535251266,0.9466666666666667,0.9466666666666667,0.9822965798246697,0.9788203492899935,,,,
quantum,gpc,12,pauli_xz_r1_full__gpc__d12,pauli_xz_r1_full,id_val,,,38.03837966918945,0.8956714761376249,0.8958019105077928,0.8956610653920072,0.8946188340807175,0.9732105008921618,0.9707953166935127,0.2117345517242943,0.0637037458344826,0.04592937241725822,0.29391610779271155
quantum,gpc,12,pauli_xz_r1_full__gpc__d12,pauli_xz_r1_full,id_test,,,38.03837966918945,0.8954393770856507,0.8955703096376832,0.8954288966985101,0.8943820224719101,0.9700511936943627,0.9665979685074377,0.22378445939587366,0.067749775919582,0.03732306966250595,0.29826376620836664
quantum,gpc,12,pauli_xz_r1_full__gpc__d12,pauli_xz_r1_full,ood_test,,,38.03837966918945,0.95,0.9501049512285467,0.9499999382715287,0.949944382647386,0.9810630942091616,0.9669740408614873,0.18507704850943163,0.048404411256472456,0.07482693773473467,0.29673648248164386
quantum,svc,12,zmap_r2__svc__d12,zmap_r2,id_val,1.0,0.8988626747740932,0.09451532363891602,0.9012208657047724,0.9014580191050778,0.9012189188023922,0.9007803790412486,0.9727866008142826,0.964648299788787,,,,
quantum,svc,12,zmap_r2__svc__d12,zmap_r2,id_test,1.0,0.8988626747740932,0.09451532363891602,0.9010011123470523,0.9010709087128301,0.9009834702254915,0.8996617812852311,0.9602629989404787,0.9339960888263854,,,,
quantum,svc,12,zmap_r2__svc__d12,zmap_r2,ood_test,1.0,0.8988626747740932,0.09451532363891602,0.9511111111111111,0.9512408939375232,0.9511110507543836,0.951165371809101,0.9788097295962465,0.9602069225120429,,,,
quantum,gpc,12,zmap_r2__gpc__d12,zmap_r2,id_val,,,34.507264137268066,0.8967813540510544,0.8968912351265292,0.8967686377126554,0.8956228956228957,0.9763651061228916,0.9755152803891401,0.2074758035092466,0.062252944864849113,0.04269093308657738,0.293989198775259
quantum,gpc,12,zmap_r2__gpc__d12,zmap_r2,id_test,,,34.507264137268066,0.9032258064516129,0.9033384824089752,0.9032138309443993,0.9021372328458943,0.9711107150283694,0.9689318060366229,0.22441539604277322,0.0685363999037357,0.039087211702404305,0.29660670486783913
quantum,gpc,12,zmap_r2__gpc__d12,zmap_r2,ood_test,,,34.507264137268066,0.9422222222222222,0.9423632547228054,0.9422219368984539,0.9423503325942351,0.9800864304235091,0.9625741842797775,0.19004572166562975,0.04939499875127467,0.0724649762243553,0.3110439356245345
quantum,svc,12,zz_r1_full__as2__svc__d12,zz_r1_full__as2,id_val,1.0,0.8721404788066109,0.4218289852142334,0.9012208657047724,0.9017094017094017,0.9012130776347511,0.9020902090209021,0.9621644535139345,0.9562907570640925,,,,
quantum,svc,12,zz_r1_full__as2__svc__d12,zz_r1_full__as2,id_test,1.0,0.8721404788066109,0.4218289852142334,0.8798665183537263,0.8800339640950994,0.8798592344014492,0.8789237668161435,0.9610254582182218,0.9586116004772599,,,,
quantum,svc,12,zz_r1_full__as2__svc__d12,zz_r1_full__as2,ood_test,1.0,0.8721404788066109,0.4218289852142334,0.9344444444444444,0.9343252253364613,0.9344152146820991,0.9330306469920545,0.9795888381281641,0.9731528493994174,,,,
quantum,gpc,12,zz_r1_full__as2__gpc__d12,zz_r1_full__as2,id_val,,,34.385687589645386,0.8823529411764706,0.8823948382771911,0.8823284444181599,0.8806306306306306,0.965841540236004,0.96425651091249,0.3571221943723761,0.10815365063078723,0.15485109494925592,0.5023358137088013
quantum,gpc,12,zz_r1_full__as2__gpc__d12,zz_r1_full__as2,id_test,,,34.385687589645386,0.8754171301446051,0.8749938112071611,0.8752280117376476,0.8703703703703703,0.9619909099010783,0.9553464144783324,0.3688631436249814,0.1136291127782549,0.15969650394082402,0.5031651374916091
quantum,gpc,12,zz_r1_full__as2__gpc__d12,zz_r1_full__as2,ood_test,,,34.385687589645386,0.9072222222222223,0.906772441042104,0.90698448720325,0.9022820362785254,0.9751055685887147,0.9671380800855642,0.3792821683527686,0.11506541560157871,0.2337035183850074,0.5295064157615469
quantum,svc,12,zz_r2_full__as2__svc__d12,zz_r2_full__as2,id_val,10.0,0.785419200062311,0.4613463878631592,0.8412874583795783,0.8392408245349421,0.8387965322793545,0.8187579214195184,0.9489644022515995,0.9479873866386206,,,,
quantum,svc,12,zz_r2_full__as2__svc__d12,zz_r2_full__as2,id_test,10.0,0.785419200062311,0.4613463878631592,0.8220244716351501,0.8191832773866461,0.8169974554707379,0.7866666666666666,0.9412460763053401,0.940903797385923,,,,
quantum,svc,12,zz_r2_full__as2__svc__d12,zz_r2_full__as2,ood_test,10.0,0.785419200062311,0.4613463878631592,0.7383333333333333,0.7357142857142858,0.7217845822453408,0.6539309331373989,0.9525138906037782,0.9338266302439862,,,,
quantum,gpc,12,zz_r2_full__as2__gpc__d12,zz_r2_full__as2,id_val,,,34.494349002838135,0.853496115427303,0.85172616054969,0.851705735660848,0.8354114713216958,0.9511282642770532,0.9535441267431415,0.46448338683375995,0.15280051413858142,0.17155437484561287,0.5702050242204789
quantum,gpc,12,zz_r2_full__as2__gpc__d12,zz_r2_full__as2,id_test,,,34.494349002838135,0.8286985539488321,0.8262805850142094,0.8250972762645914,0.8,0.9406816583984394,0.9376993575625504,0.471220532640595,0.15601267626490248,0.1485564547830741,0.5683863442399841
quantum,gpc,12,zz_r2_full__as2__gpc__d12,zz_r2_full__as2,ood_test,,,34.494349002838135,0.7461111111111111,0.7436041486603284,0.7314186326772691,0.668600435097897,0.958038029386344,0.9496127717395716,0.502057052551434,0.16777768458142847,0.20513681782669846,0.596846616622343
quantum,svc,12,pauli_xz_r1_full__as2__svc__d12,pauli_xz_r1_full__as2,id_val,1.0,0.8986099901189253,0.2102656364440918,0.9078801331853497,0.9081615552203788,0.9078796792794257,0.9076751946607341,0.9652155482605309,0.9539871696339698,,,,
quantum,svc,12,pauli_xz_r1_full__as2__svc__d12,pauli_xz_r1_full__as2,id_test,1.0,0.8986099901189253,0.2102656364440918,0.8954393770856507,0.8956123934289872,0.8954330373494095,0.8946188340807175,0.9550545108873244,0.9280265075973239,,,,
quantum,svc,12,pauli_xz_r1_full__as2__svc__d12,pauli_xz_r1_full__as2,ood_test,1.0,0.8986099901189253,0.2102656364440918,0.945,0.9449623410297567,0.9449893883851052,0.9442253521126761,0.9715224101740956,0.9484591986885684,,,,
quantum,gpc,12,pauli_xz_r1_full__as2__gpc__d12,pauli_xz_r1_full__as2,id_val,,,38.390538454055786,0.9067702552719201,0.9069046421987599,0.9067609520524318,0.905829596412556,0.9760595037411648,0.9752296291295794,0.23182032846547643,0.06729996925145863,0.07042142202529693,0.3494111809964155
quantum,gpc,12,pauli_xz_r1_full__as2__gpc__d12,pauli_xz_r1_full__as2,id_test,,,38.390538454055786,0.8976640711902113,0.8977116319599164,0.8976426676171241,0.8961625282167043,0.9685708344473161,0.9665222712784569,0.24866071375602608,0.07445490730762512,0.06159319532190191,0.34888323451440745
quantum,gpc,12,pauli_xz_r1_full__as2__gpc__d12,pauli_xz_r1_full__as2,ood_test,,,38.390538454055786,0.9411111111111111,0.9411285343869613,0.9411064577941961,0.9405829596412556,0.9792542289171502,0.9593728221962083,0.22590845172076854,0.05866173944167452,0.10403444093174799,0.3738629285289757
quantum,svc,12,zmap_r2__as2__svc__d12,zmap_r2__as2,id_val,1.0,0.899943112200245,0.1855478286743164,0.8990011098779135,0.899069884364002,0.8989831911755828,0.8976377952755905,0.968488451187413,0.9672514762393045,,,,
quantum,svc,12,zmap_r2__as2__svc__d12,zmap_r2__as2,id_test,1.0,0.899943112200245,0.1855478286743164,0.8876529477196885,0.8875075503272634,0.8875856271441607,0.8848346636259977,0.9558615294735069,0.9445360555767317,,,,
quantum,svc,12,zmap_r2__as2__svc__d12,zmap_r2__as2,ood_test,1.0,0.899943112200245,0.1855478286743164,0.9394444444444444,0.9393814051117422,0.9394287220849609,0.9384528514963297,0.9779812322508952,0.9646852091096862,,,,
quantum,gpc,12,zmap_r2__as2__gpc__d12,zmap_r2__as2,id_val,,,36.17548131942749,0.897891231964484,0.8977710742416625,0.8978357325971209,0.8954545454545455,0.974225889450803,0.9738249078509511,0.2347219415418848,0.06902493429496741,0.07214252845336136,0.34749747191486596
quantum,gpc,12,zmap_r2__as2__gpc__d12,zmap_r2__as2,id_test,,,36.17548131942749,0.8843159065628476,0.8840220222004377,0.8841954022988505,0.8804597701149425,0.9688728475378505,0.9679058527493829,0.2481291756547417,0.07452723090981586,0.06319424176985802,0.3468561123118561
quantum,gpc,12,zmap_r2__as2__gpc__d12,zmap_r2__as2,ood_test,,,36.17548131942749,0.9366666666666666,0.9366341523644894,0.9366554054054055,0.9358108108108109,0.9781170514878381,0.9605948255909519,0.22395197958635651,0.05811076170927575,0.09415951723115247,0.3678717071273713
