family,model,dim,cfg,kernel,split,svc_c,fit_seconds,accuracy,balanced_accuracy,f1_macro,f1_pos,roc_auc,pr_auc,log_loss,brier,ece,mean_predictive_entropy
classical_ext,svc,4,linear__svc_C0.01__d4,linear,id_test,0.01,0.1443932056427002,0.6922222222222222,0.6916656377330535,0.6911913350245759,0.6733490566037735,0.8342079269045561,0.8479062018508556,,,,
classical_ext,svc,4,linear__svc_C0.01__d4,linear,ood_test,0.01,0.1443932056427002,0.7455555555555555,0.7452972791400738,0.7453590733590734,0.7524324324324324,0.8270403979529333,0.8101310276665323,,,,
classical_ext,svc,4,linear__svc_C0.1__d4,linear,id_test,0.1,0.11857748031616211,0.6916666666666667,0.6911038399802445,0.6906138945021253,0.672566371681416,0.8342659587603407,0.8545228483874401,,,,
classical_ext,svc,4,linear__svc_C0.1__d4,linear,ood_test,0.1,0.11857748031616211,0.7472222222222222,0.7469941117192593,0.7470497632490793,0.7536545749864645,0.8222055365646426,0.8063725337988017,,,,
classical_ext,svc,4,linear__svc_C10__d4,linear,id_test,10.0,0.11567997932434082,0.8433333333333334,0.8434745030250648,0.8433315925732507,0.8438538205980066,0.8509593777009506,0.8491441347892081,,,,
classical_ext,svc,4,linear__svc_C10__d4,linear,ood_test,10.0,0.11567997932434082,0.755,0.7536480665494281,0.7530241167065277,0.7751147373788884,0.792063911557233,0.7801700077571458,,,,
classical_ext,svc,4,linear__svc_C100__d4,linear,id_test,100.0,0.21412229537963867,0.8427777777777777,0.8429127052722558,0.8427765646339864,0.843213296398892,0.8485084578343006,0.8472731930203721,,,,
classical_ext,svc,4,linear__svc_C100__d4,linear,ood_test,100.0,0.21412229537963867,0.755,0.7536480665494281,0.7530241167065277,0.7751147373788884,0.7876378213361259,0.7745610459671788,,,,
classical_ext,svc,4,rbf_gscale__svc_C0.01__d4,rbf_gscale,id_test,0.01,0.11282229423522949,0.8894444444444445,0.8906346462526238,0.8883894839337877,0.8992405063291139,0.9121187800963082,0.8713087088311013,,,,
classical_ext,svc,4,rbf_gscale__svc_C0.01__d4,rbf_gscale,ood_test,0.01,0.11282229423522949,0.7516666666666667,0.7474485763401766,0.7350325149945712,0.8014215904042647,0.7571133592839216,0.6717091375957642,,,,
classical_ext,svc,4,rbf_gscale__svc_C0.1__d4,rbf_gscale,id_test,0.1,0.07883310317993164,0.8905555555555555,0.8917458945548833,0.8895111976630964,0.900253164556962,0.9357315717989876,0.8771653586755515,,,,
classical_ext,svc,4,rbf_gscale__svc_C0.1__d4,rbf_gscale,ood_test,0.1,0.07883310317993164,0.7583333333333333,0.7542359066569188,0.7430494549399644,0.8057168378740509,0.8425317137268075,0.7638627656074637,,,,
classical_ext,svc,4,rbf_gscale__svc_C10__d4,rbf_gscale,id_test,10.0,0.08978152275085449,0.9027777777777778,0.9037720706260033,0.9021602701743194,0.9099330931549151,0.9454883318928263,0.8970892415803252,,,,
classical_ext,svc,4,rbf_gscale__svc_C10__d4,rbf_gscale,ood_test,10.0,0.08978152275085449,0.8,0.7967159991305894,0.7917628049807253,0.8331788693234476,0.8348613882906204,0.7633791454340972,,,,
classical_ext,svc,4,rbf_gscale__svc_C100__d4,rbf_gscale,id_test,100.0,0.1334221363067627,0.9011111111111111,0.90213606618101,0.9004380229800478,0.9086242299794661,0.9519422150882826,0.9171417338078316,,,,
classical_ext,svc,4,rbf_gscale__svc_C100__d4,rbf_gscale,ood_test,100.0,0.1334221363067627,0.7983333333333333,0.7950191665514039,0.7898818495413835,0.8320222119389171,0.8617958268292201,0.7967559590478155,,,,
classical_ext,svc,4,poly2__svc_C0.01__d4,poly2,id_test,0.01,0.15625691413879395,0.735,0.7363316458822077,0.7316538728759447,0.7616191904047976,0.8941190270403753,0.8893916498099798,,,,
classical_ext,svc,4,poly2__svc_C0.01__d4,poly2,ood_test,0.01,0.15625691413879395,0.6827777777777778,0.6797234681578375,0.6716754423261402,0.7320506804317222,0.8501958643719496,0.8196135634674615,,,,
classical_ext,svc,4,poly2__svc_C0.1__d4,poly2,id_test,0.1,0.104217529296875,0.8816666666666667,0.8827571305099395,0.8807360767768505,0.891271056661562,0.9061019878997406,0.8656359627007956,,,,
classical_ext,svc,4,poly2__svc_C0.1__d4,poly2,ood_test,0.1,0.104217529296875,0.7466666666666667,0.7425359125847182,0.730411123037368,0.7966101694915254,0.7231754727420023,0.6115930972748133,,,,
classical_ext,svc,4,poly2__svc_C10__d4,poly2,id_test,10.0,0.09869551658630371,0.8966666666666666,0.8977898505988393,0.8958016920709694,0.905295315682281,0.9436732929991357,0.889269807726292,,,,
classical_ext,svc,4,poly2__svc_C10__d4,poly2,ood_test,10.0,0.09869551658630371,0.7727777777777778,0.7689615483412042,0.7602796932283409,0.815015829941203,0.8581996285245708,0.7806974911860218,,,,
classical_ext,svc,4,poly2__svc_C100__d4,poly2,id_test,100.0,0.13474202156066895,0.8955555555555555,0.8965674774663539,0.8948638636163102,0.9033915724563206,0.9446635387084824,0.892237445539706,,,,
classical_ext,svc,4,poly2__svc_C100__d4,poly2,ood_test,100.0,0.13474202156066895,0.7838888888888889,0.7802935248671184,0.7733011426567797,0.8222932846048424,0.8541267363512418,0.7764903428658162,,,,
classical_ext,svc,4,poly3__svc_C0.01__d4,poly3,id_test,0.01,0.1475224494934082,0.8427777777777777,0.8430608717125572,0.8427369573398527,0.8452706396938218,0.9102185454994443,0.8974825289115387,,,,
classical_ext,svc,4,poly3__svc_C0.01__d4,poly3,ood_test,0.01,0.1475224494934082,0.745,0.7430126064533976,0.7409523809523809,0.7733333333333333,0.8536426327333083,0.8197951316590802,,,,
classical_ext,svc,4,poly3__svc_C0.1__d4,poly3,id_test,0.1,0.11310505867004395,0.8894444444444445,0.8906346462526238,0.8883894839337877,0.8992405063291139,0.9122434868502284,0.852553945399572,,,,
classical_ext,svc,4,poly3__svc_C0.1__d4,poly3,ood_test,0.1,0.11310505867004395,0.7505555555555555,0.746356873283408,0.734004651791947,0.8003557136505114,0.7777779149953566,0.6666927091750977,,,,
classical_ext,svc,4,poly3__svc_C10__d4,poly3,id_test,10.0,0.08586645126342773,0.8966666666666666,0.8977775033954809,0.8958228316026481,0.9051987767584098,0.9448425731571799,0.8915175516118717,,,,
classical_ext,svc,4,poly3__svc_C10__d4,poly3,ood_test,10.0,0.08586645126342773,0.7744444444444445,0.7706583809203897,0.7622282608695652,0.8161231884057971,0.8571141002588473,0.7800121238813224,,,,
classical_ext,svc,4,poly3__svc_C100__d4,poly3,id_test,100.0,0.12804698944091797,0.8977777777777778,0.8987405852574393,0.897173385789809,0.9050567595459237,0.9427163847388567,0.8902756492802032,,,,
classical_ext,svc,4,poly3__svc_C100__d4,poly3,ood_test,100.0,0.12804698944091797,0.7955555555555556,0.7921911122527614,0.7867383720256378,0.830101569713758,0.8462192989389239,0.7655194574868833,,,,
classical_ext,svc,4,laplacian_med__svc_C0.01__d4,laplacian_med,id_test,0.01,0.11200547218322754,0.8894444444444445,0.8906346462526238,0.8883894839337877,0.8992405063291139,0.9160414866032843,0.8626384034365253,,,,
classical_ext,svc,4,laplacian_med__svc_C0.01__d4,laplacian_med,ood_test,0.01,0.11200547218322754,0.7511111111111111,0.7469027248117923,0.7345185185185186,0.8008888888888889,0.8275109170305677,0.7753168506045373,,,,
classical_ext,svc,4,laplacian_med__svc_C0.1__d4,laplacian_med,id_test,0.1,0.06658744812011719,0.895,0.8961414989504877,0.8940883425261456,0.9039145907473309,0.9353969625879738,0.8799810320951916,,,,
classical_ext,svc,4,laplacian_med__svc_C0.1__d4,laplacian_med,ood_test,0.1,0.06658744812011719,0.7727777777777778,0.76894178900986,0.7601509856387063,0.8151830094893809,0.8643954138591949,0.7895726822712578,,,,
classical_ext,svc,4,laplacian_med__svc_C10__d4,laplacian_med,id_test,10.0,0.09898161888122559,0.9038888888888889,0.9046116804543771,0.9035972706325524,0.908899420747762,0.9584454870971724,0.9313950900101257,,,,
classical_ext,svc,4,laplacian_med__svc_C10__d4,laplacian_med,ood_test,10.0,0.09898161888122559,0.8188888888888889,0.8157294157165722,0.8119401951873612,0.848089468779124,0.9047303839238081,0.8446985200246757,,,,
classical_ext,svc,4,laplacian_med__svc_C100__d4,laplacian_med,id_test,100.0,0.11414170265197754,0.9161111111111111,0.9164032596616867,0.9160893305947624,0.9174412247129579,0.9560958142980615,0.9315054666499482,,,,
classical_ext,svc,4,laplacian_med__svc_C100__d4,laplacian_med,ood_test,100.0,0.11414170265197754,0.8561111111111112,0.8540798079392993,0.8536590418904917,0.8726020659124447,0.9145087830227826,0.8650328410099841,,,,
classical_ext,svc,4,matern15_med__svc_C0.01__d4,matern15_med,id_test,0.01,0.12061071395874023,0.8894444444444445,0.8906346462526238,0.8883894839337877,0.8992405063291139,0.9061439683911593,0.8514739992931137,,,,
classical_ext,svc,4,matern15_med__svc_C0.01__d4,matern15_med,ood_test,0.01,0.12061071395874023,0.7505555555555555,0.746356873283408,0.734004651791947,0.8003557136505114,0.7586681716690707,0.6722860644151315,,,,
classical_ext,svc,4,matern15_med__svc_C0.1__d4,matern15_med,id_test,0.1,0.06276774406433105,0.89,0.8911964440054327,0.8889381942920962,0.8997975708502024,0.9334633905420422,0.878917785548009,,,,
classical_ext,svc,4,matern15_med__svc_C0.1__d4,matern15_med,ood_test,0.1,0.06276774406433105,0.7516666666666667,0.7474485763401766,0.7350325149945712,0.8014215904042647,0.8446706613448202,0.7766793337105066,,,,
classical_ext,svc,4,matern15_med__svc_C10__d4,matern15_med,id_test,10.0,0.06700420379638672,0.9011111111111111,0.90213606618101,0.9004380229800478,0.9086242299794661,0.9519459192492901,0.9159702683388381,,,,
classical_ext,svc,4,matern15_med__svc_C10__d4,matern15_med,ood_test,10.0,0.06700420379638672,0.7983333333333333,0.7950191665514039,0.7898818495413835,0.8320222119389171,0.8802300480151752,0.8198751078249015,,,,
classical_ext,svc,4,matern15_med__svc_C100__d4,matern15_med,id_test,100.0,0.09880685806274414,0.9016666666666666,0.9026237807136683,0.9010937123106042,0.9086215797625193,0.9636881096431659,0.937230668459353,,,,
classical_ext,svc,4,matern15_med__svc_C100__d4,matern15_med,ood_test,100.0,0.09880685806274414,0.8083333333333333,0.8049828093817306,0.8001142664016545,0.8406466512702079,0.9087143591060878,0.8528652737822808,,,,
classical_ext,svc,4,matern25_med__svc_C0.01__d4,matern25_med,id_test,0.01,0.1382126808166504,0.8877777777777778,0.8889492529941968,0.8867436494211343,0.8975659229208925,0.9050561797752809,0.8532567427641651,,,,
classical_ext,svc,4,matern25_med__svc_C0.01__d4,matern25_med,ood_test,0.01,0.1382126808166504,0.7488888888888889,0.7447193186982553,0.7324638188224988,0.798753339269813,0.7428150131399553,0.6346918531848353,,,,
classical_ext,svc,4,matern25_med__svc_C0.1__d4,matern25_med,id_test,0.1,0.06926918029785156,0.89,0.8911964440054327,0.8889381942920962,0.8997975708502024,0.9343659711075442,0.8785358231737919,,,,
classical_ext,svc,4,matern25_med__svc_C0.1__d4,matern25_med,ood_test,0.1,0.06926918029785156,0.7516666666666667,0.7474485763401766,0.7350325149945712,0.8014215904042647,0.8402766800371476,0.7709370758138779,,,,
classical_ext,svc,4,matern25_med__svc_C10__d4,matern25_med,id_test,10.0,0.0873880386352539,0.9005555555555556,0.9015619212248426,0.899906025986533,0.9079691516709512,0.9476009383874552,0.9015217807619236,,,,
classical_ext,svc,4,matern25_med__svc_C10__d4,matern25_med,ood_test,10.0,0.0873880386352539,0.7955555555555556,0.7921713529214172,0.7866375311797811,0.8302583025830258,0.8567213835483808,0.7925288610706046,,,,
classical_ext,svc,4,matern25_med__svc_C100__d4,matern25_med,id_test,100.0,0.1538538932800293,0.9011111111111111,0.90213606618101,0.9004380229800478,0.9086242299794661,0.9580849487591061,0.92742439787316,,,,
classical_ext,svc,4,matern25_med__svc_C100__d4,matern25_med,ood_test,100.0,0.1538538932800293,0.8011111111111111,0.7977484241933253,0.7925335249597236,0.8347183748845799,0.8921560394396255,0.8366987735973862,,,,
classical_ext,svc,6,linear__svc_C0.01__d6,linear,id_test,0.01,0.2447338104248047,0.6944444444444444,0.6939128287442895,0.6934984520123839,0.6764705882352942,0.836479812322509,0.8350243802299302,,,,
classical_ext,svc,6,linear__svc_C0.01__d6,linear,ood_test,0.01,0.2447338104248047,0.745,0.7447119089490011,0.7447787294602017,0.7522935779816514,0.8323951767472189,0.823484534729803,,,,
classical_ext,svc,6,linear__svc_C0.1__d6,linear,id_test,0.1,0.17009782791137695,0.8338888888888889,0.8339362884306705,0.8338847360072891,0.8330541596873255,0.9021187800963083,0.8428967307480344,,,,
classical_ext,svc,6,linear__svc_C0.1__d6,linear,ood_test,0.1,0.17009782791137695,0.7583333333333333,0.756784860400324,0.7558647796437995,0.7804139323573952,0.8189600663913533,0.7292989925837963,,,,
classical_ext,svc,6,linear__svc_C10__d6,linear,id_test,10.0,0.18638205528259277,0.8438888888888889,0.8442338560316088,0.8438155689754356,0.8471995649809679,0.8841992838622051,0.806453285369471,,,,
classical_ext,svc,6,linear__svc_C10__d6,linear,ood_test,10.0,0.18638205528259277,0.7522222222222222,0.7501481949850817,0.7479627934312096,0.7807276302851525,0.7906560591989568,0.6854378558662353,,,,
classical_ext,svc,6,linear__svc_C100__d6,linear,id_test,100.0,0.3409736156463623,0.8472222222222222,0.8475058649215952,0.8471825557189382,0.8496446145434664,0.8816014322755895,0.8032042385503356,,,,
classical_ext,svc,6,linear__svc_C100__d6,linear,ood_test,100.0,0.3409736156463623,0.765,0.7632758007469027,0.7620921641332846,0.7883941970985493,0.7878699934794207,0.683508940521557,,,,
classical_ext,svc,6,rbf_gscale__svc_C0.01__d6,rbf_gscale,id_test,0.01,0.1334688663482666,0.8888888888888888,0.8900728484998148,0.8878408236969908,0.8986828774062816,0.9115952586739103,0.8577568237076452,,,,
classical_ext,svc,6,rbf_gscale__svc_C0.01__d6,rbf_gscale,ood_test,0.01,0.1334688663482666,0.7516666666666667,0.7474485763401766,0.7350325149945712,0.8014215904042647,0.8047333478235096,0.7478388080970696,,,,
classical_ext,svc,6,rbf_gscale__svc_C0.1__d6,rbf_gscale,id_test,0.1,0.07047295570373535,0.8927777777777778,0.8939560439560439,0.8917780946278135,0.9021794221996959,0.9278812199036919,0.8588410314246534,,,,
classical_ext,svc,6,rbf_gscale__svc_C0.1__d6,rbf_gscale,ood_test,0.1,0.07047295570373535,0.7594444444444445,0.7553671283763758,0.7443778039646038,0.8064371926687528,0.820070293821257,0.724686989670595,,,,
classical_ext,svc,6,rbf_gscale__svc_C10__d6,rbf_gscale,id_test,10.0,0.10375642776489258,0.9027777777777778,0.903710334609211,0.9022440726546879,0.9094671495085359,0.9586393381899,0.927586289594773,,,,
classical_ext,svc,6,rbf_gscale__svc_C10__d6,rbf_gscale,ood_test,10.0,0.10375642776489258,0.8033333333333333,0.800070145626272,0.7953273477610636,0.8358070500927643,0.9066939674761406,0.8535951146334885,,,,
classical_ext,svc,6,rbf_gscale__svc_C100__d6,rbf_gscale,id_test,100.0,0.13647079467773438,0.8972222222222223,0.898005926657612,0.8968439515395807,0.9030906233630173,0.9628324484504259,0.9406964490973049,,,,
classical_ext,svc,6,rbf_gscale__svc_C100__d6,rbf_gscale,ood_test,100.0,0.13647079467773438,0.8133333333333334,0.810152344444664,0.8060852301583638,0.8435754189944135,0.9250874350411982,0.8876094154808224,,,,
classical_ext,svc,6,poly2__svc_C0.01__d6,poly2,id_test,0.01,0.17875266075134277,0.7355555555555555,0.7366835411779231,0.7332317073170732,0.758130081300813,0.8974972218792444,0.8732722510703822,,,,
classical_ext,svc,6,poly2__svc_C0.01__d6,poly2,ood_test,0.01,0.17875266075134277,0.6894444444444444,0.6866688731253334,0.6803878798967407,0.734189253447456,0.8528448497302851,0.8312107476095224,,,,
classical_ext,svc,6,poly2__svc_C0.1__d6,poly2,id_test,0.1,0.139892578125,0.8738888888888889,0.8748302259538214,0.8731755010824778,0.882687338501292,0.8960167921965675,0.8077128771623696,,,,
classical_ext,svc,6,poly2__svc_C0.1__d6,poly2,ood_test,0.1,0.139892578125,0.7372222222222222,0.7335133079096603,0.7236431198529991,0.7849022282855843,0.7513633938627516,0.6424250536559877,,,,
classical_ext,svc,6,poly2__svc_C10__d6,poly2,id_test,10.0,0.11410713195800781,0.8961111111111111,0.8972527472527472,0.8952091008062921,0.9049313675648195,0.9425842696629213,0.8884259431216014,,,,
classical_ext,svc,6,poly2__svc_C10__d6,poly2,ood_test,10.0,0.11410713195800781,0.7738888888888888,0.7700334920666285,0.7611950028929761,0.8162528216704289,0.8311367543322333,0.7316332807368245,,,,
classical_ext,svc,6,poly2__svc_C100__d6,poly2,id_test,100.0,0.14952850341796875,0.8972222222222223,0.8982899123348562,0.8964544189553713,0.9053708439897699,0.9529411038399802,0.9078345270585868,,,,
classical_ext,svc,6,poly2__svc_C100__d6,poly2,ood_test,100.0,0.14952850341796875,0.7805555555555556,0.776860341046059,0.7692157131964792,0.8203728967712597,0.8659045327906103,0.7900572326873196,,,,
classical_ext,svc,6,poly3__svc_C0.01__d6,poly3,id_test,0.01,0.19425272941589355,0.8433333333333334,0.8436103222620077,0.8432954146929381,0.8457330415754923,0.9117594764785776,0.8795441863756767,,,,
classical_ext,svc,6,poly3__svc_C0.01__d6,poly3,ood_test,0.01,0.19425272941589355,0.7444444444444445,0.7424865142563575,0.7404971172614547,0.7725024727992087,0.8557655258946036,0.8292881709422775,,,,
classical_ext,svc,6,poly3__svc_C0.1__d6,poly3,id_test,0.1,0.12708210945129395,0.8905555555555555,0.8917582417582417,0.8894869558144167,0.900354071825999,0.905609334485739,0.8371556943777738,,,,
classical_ext,svc,6,poly3__svc_C0.1__d6,poly3,ood_test,0.1,0.12708210945129395,0.7522222222222222,0.7479944278685609,0.7355466423515398,0.8019538188277087,0.7854358908494535,0.6974931430644036,,,,
classical_ext,svc,6,poly3__svc_C10__d6,poly3,id_test,10.0,0.08825063705444336,0.8961111111111111,0.8972527472527472,0.8952091008062921,0.9049313675648195,0.9473688109643166,0.8971286432295895,,,,
classical_ext,svc,6,poly3__svc_C10__d6,poly3,ood_test,10.0,0.08825063705444336,0.7733333333333333,0.7694876405382443,0.7606729314046388,0.8157181571815718,0.8488275306763617,0.7555807102523281,,,,
classical_ext,svc,6,poly3__svc_C100__d6,poly3,id_test,100.0,0.12079048156738281,0.9022222222222223,0.9032102728731942,0.901609895659282,0.9093717816683831,0.9525953821459439,0.9086532202767547,,,,
classical_ext,svc,6,poly3__svc_C100__d6,poly3,ood_test,100.0,0.12079048156738281,0.7988888888888889,0.795545258748444,0.7903140269489597,0.83271719038817,0.8667640637040842,0.7922720362501161,,,,
classical_ext,svc,6,laplacian_med__svc_C0.01__d6,laplacian_med,id_test,0.01,0.15296506881713867,0.8888888888888888,0.8900851957031732,0.8878163578708044,0.8987854251012146,0.9249993826398321,0.8791854519954343,,,,
classical_ext,svc,6,laplacian_med__svc_C0.01__d6,laplacian_med,ood_test,0.01,0.15296506881713867,0.7505555555555555,0.746356873283408,0.734004651791947,0.8003557136505114,0.8645485486771128,0.8209947895283177,,,,
classical_ext,svc,6,laplacian_med__svc_C0.1__d6,laplacian_med,id_test,0.1,0.08629655838012695,0.895,0.8961414989504877,0.8940883425261456,0.9039145907473309,0.9471947153969625,0.9169453467397541,,,,
classical_ext,svc,6,laplacian_med__svc_C0.1__d6,laplacian_med,ood_test,0.1,0.08629655838012695,0.7727777777777778,0.76894178900986,0.7601509856387063,0.8151830094893809,0.8821145942421308,0.8185593262465316,,,,
classical_ext,svc,6,laplacian_med__svc_C10__d6,laplacian_med,id_test,10.0,0.08724093437194824,0.9083333333333333,0.9087973823928881,0.9082413197678784,0.9111470113085622,0.9606939128287444,0.9325251265818641,,,,
classical_ext,svc,6,laplacian_med__svc_C10__d6,laplacian_med,ood_test,10.0,0.08724093437194824,0.8433333333333334,0.8408138868580687,0.8393912815664475,0.8645533141210374,0.9171812325870893,0.8668080474587567,,,,
classical_ext,svc,6,laplacian_med__svc_C100__d6,laplacian_med,id_test,100.0,0.1154320240020752,0.9066666666666666,0.9068773922706507,0.9066592915983485,0.9074889867841409,0.9587862699098653,0.9240056007959171,,,,
classical_ext,svc,6,laplacian_med__svc_C100__d6,laplacian_med,ood_test,100.0,0.1154320240020752,0.8722222222222222,0.8706801161848683,0.870872923985947,0.8840725806451613,0.9234449406232093,0.888880449625401,,,,
classical_ext,svc,6,matern15_med__svc_C0.01__d6,matern15_med,id_test,0.01,0.15651202201843262,0.8888888888888888,0.8900728484998148,0.8878408236969908,0.8986828774062816,0.9078701074206691,0.848736765503641,,,,
classical_ext,svc,6,matern15_med__svc_C0.01__d6,matern15_med,ood_test,0.01,0.15651202201843262,0.7505555555555555,0.746356873283408,0.734004651791947,0.8003557136505114,0.8086135865162323,0.7525301980117676,,,,
classical_ext,svc,6,matern15_med__svc_C0.1__d6,matern15_med,id_test,0.1,0.08013367652893066,0.8905555555555555,0.8917582417582417,0.8894869558144167,0.900354071825999,0.9267020619829609,0.8561175217338548,,,,
classical_ext,svc,6,matern15_med__svc_C0.1__d6,matern15_med,ood_test,0.1,0.08013367652893066,0.7522222222222222,0.7480141871999051,0.7357037037037037,0.8017777777777778,0.8079677033729179,0.7097253061507307,,,,
classical_ext,svc,6,matern15_med__svc_C10__d6,matern15_med,id_test,10.0,0.08169412612915039,0.9011111111111111,0.9020125941474255,0.9006085092020886,0.9076763485477178,0.9596715643906655,0.9327561829437487,,,,
classical_ext,svc,6,matern15_med__svc_C10__d6,matern15_med,ood_test,10.0,0.08169412612915039,0.8038888888888889,0.8006159971546563,0.7958587666515344,0.8363467779323134,0.9271078266711456,0.889472586840166,,,,
classical_ext,svc,6,matern15_med__svc_C100__d6,matern15_med,id_test,100.0,0.10049581527709961,0.9083333333333333,0.9090319792566983,0.9080772831730359,0.9129287598944591,0.964152364489443,0.9416154307569208,,,,
classical_ext,svc,6,matern15_med__svc_C100__d6,matern15_med,ood_test,100.0,0.10049581527709961,0.8283333333333334,0.8252855223379241,0.8221739095683034,0.8552693208430914,0.938968365310518,0.9114185937591074,,,,
classical_ext,svc,6,matern25_med__svc_C0.01__d6,matern25_med,id_test,0.01,0.13079428672790527,0.8866666666666667,0.8878256574885788,0.8856466631372426,0.8964467005076142,0.908528213359674,0.8503567631191972,,,,
classical_ext,svc,6,matern25_med__svc_C0.01__d6,matern25_med,ood_test,0.01,0.13079428672790527,0.7494444444444445,0.7452651702266395,0.7329773030707609,0.7992879394748553,0.7949290146021458,0.726959037018343,,,,
classical_ext,svc,6,matern25_med__svc_C0.1__d6,matern25_med,id_test,0.1,0.08229303359985352,0.8905555555555555,0.8917582417582417,0.8894869558144167,0.900354071825999,0.9197925669835783,0.8503940837290367,,,,
classical_ext,svc,6,matern25_med__svc_C0.1__d6,matern25_med,ood_test,0.1,0.08229303359985352,0.7522222222222222,0.7479944278685609,0.7355466423515398,0.8019538188277087,0.7933408583453535,0.7024555390883989,,,,
classical_ext,svc,6,matern25_med__svc_C10__d6,matern25_med,id_test,10.0,0.08266401290893555,0.9022222222222223,0.9031732312631189,0.9016608391608392,0.9090909090909091,0.9599197431781701,0.9297942505455586,,,,
classical_ext,svc,6,matern25_med__svc_C10__d6,matern25_med,ood_test,10.0,0.08266401290893555,0.8011111111111111,0.7977879428560137,0.7927278481908396,0.8344125809435707,0.9143482384556106,0.8634843811603404,,,,
classical_ext,svc,6,matern25_med__svc_C100__d6,matern25_med,id_test,100.0,0.1321547031402588,0.8977777777777778,0.8985553772070627,0.8974084481912663,0.9035639412997903,0.9606432892949747,0.9350042193791466,,,,
classical_ext,svc,6,matern25_med__svc_C100__d6,matern25_med,ood_test,100.0,0.1321547031402588,0.8116666666666666,0.8084555118654785,0.8042222164470664,0.8423988842398884,0.9325774565788694,0.9001381862991138,,,,
classical_ext,svc,8,linear__svc_C0.01__d8,linear,id_test,0.01,0.2135009765625,0.7,0.6999135695764909,0.6999273898375409,0.6952595936794582,0.8375108038029386,0.837811550657616,,,,
classical_ext,svc,8,linear__svc_C0.01__d8,linear,ood_test,0.01,0.2135009765625,0.7177777777777777,0.7164239562133217,0.7155301144848183,0.7408163265306122,0.8318629097591337,0.8194296072929323,,,,
classical_ext,svc,8,linear__svc_C0.1__d8,linear,id_test,0.1,0.1672983169555664,0.8394444444444444,0.839850598839363,0.8393253766139661,0.8436992969172525,0.9062094085689592,0.8239609574767852,,,,
classical_ext,svc,8,linear__svc_C0.1__d8,linear,ood_test,0.1,0.1672983169555664,0.7361111111111112,0.7340221106917741,0.7315351947939808,0.7665847665847666,0.7770949831057717,0.6568136170975767,,,,
classical_ext,svc,8,linear__svc_C10__d8,linear,id_test,10.0,0.18742918968200684,0.8572222222222222,0.8577540437090999,0.8570121094608466,0.8624933119315141,0.8812470675392023,0.7770389226068734,,,,
classical_ext,svc,8,linear__svc_C10__d8,linear,ood_test,10.0,0.18742918968200684,0.7361111111111112,0.7334688494141358,0.7290289824895676,0.7728359636537542,0.7406451915667174,0.6138092101215384,,,,
classical_ext,svc,8,linear__svc_C100__d8,linear,id_test,100.0,0.2860896587371826,0.8572222222222222,0.8577170020990246,0.8570471049257563,0.8620504562533549,0.8808927028028151,0.7786771044692055,,,,
classical_ext,svc,8,linear__svc_C100__d8,linear,ood_test,100.0,0.2860896587371826,0.7383333333333333,0.7358696081724594,0.7321725582069778,0.7727930535455861,0.7432793574265447,0.6181505853110671,,,,
classical_ext,svc,8,rbf_gscale__svc_C0.01__d8,rbf_gscale,id_test,0.01,0.1553952693939209,0.8888888888888888,0.8900728484998148,0.8878408236969908,0.8986828774062816,0.913069514754908,0.8575939772197099,,,,
classical_ext,svc,8,rbf_gscale__svc_C0.01__d8,rbf_gscale,ood_test,0.01,0.1553952693939209,0.7511111111111111,0.7469027248117923,0.7345185185185186,0.8008888888888889,0.8096954099073287,0.7467122472471932,,,,
classical_ext,svc,8,rbf_gscale__svc_C0.1__d8,rbf_gscale,id_test,0.1,0.08446288108825684,0.8911111111111111,0.8923076923076922,0.8900600307133882,0.9008097165991903,0.9224669712310163,0.8562279159303022,,,,
classical_ext,svc,8,rbf_gscale__svc_C0.1__d8,rbf_gscale,ood_test,0.1,0.08446288108825684,0.7588888888888888,0.7547619988539588,0.7434176039434599,0.8064228367528992,0.7969543460649291,0.7024305512251094,,,,
classical_ext,svc,8,rbf_gscale__svc_C10__d8,rbf_gscale,id_test,10.0,0.09360742568969727,0.9011111111111111,0.9019878997407087,0.9006395784438743,0.9074844074844075,0.968425731571799,0.9523076341174839,,,,
classical_ext,svc,8,rbf_gscale__svc_C10__d8,rbf_gscale,ood_test,10.0,0.09360742568969727,0.8033333333333333,0.8001096642889605,0.7955133603072563,0.8355018587360595,0.9374617162955206,0.9102704608222262,,,,
classical_ext,svc,8,rbf_gscale__svc_C100__d8,rbf_gscale,id_test,100.0,0.15068507194519043,0.9061111111111111,0.9067971354488209,0.9058598091015182,0.9107237189646065,0.9675280898876405,0.950466173195748,,,,
classical_ext,svc,8,rbf_gscale__svc_C100__d8,rbf_gscale,ood_test,100.0,0.15068507194519043,0.8161111111111111,0.8130989547313718,0.809675256409724,0.8446738620366026,0.9360378094805272,0.9034948691083371,,,,
classical_ext,svc,8,poly2__svc_C0.01__d8,poly2,id_test,0.01,0.23875904083251953,0.7244444444444444,0.7253735029015929,0.7228623649078194,0.743801652892562,0.863085566119274,0.8522684255688636,,,,
classical_ext,svc,8,poly2__svc_C0.01__d8,poly2,ood_test,0.01,0.23875904083251953,0.7016666666666667,0.6991913493647375,0.6946425982105032,0.7409551374819102,0.8404359896461103,0.8228821264840666,,,,
classical_ext,svc,8,poly2__svc_C0.1__d8,poly2,id_test,0.1,0.141876220703125,0.8438888888888889,0.8441968144215335,0.8438364005679687,0.8466993998908893,0.8938189899987652,0.7953171475471846,,,,
classical_ext,svc,8,poly2__svc_C0.1__d8,poly2,ood_test,0.1,0.141876220703125,0.7294444444444445,0.7271952617123436,0.7240792332638443,0.7625548512920527,0.7465692860953586,0.6233779827571492,,,,
classical_ext,svc,8,poly2__svc_C10__d8,poly2,id_test,10.0,0.10702896118164062,0.8955555555555555,0.8967032967032966,0.8946377331420372,0.9044715447154471,0.9399469070255587,0.8907464475893161,,,,
classical_ext,svc,8,poly2__svc_C10__d8,poly2,ood_test,10.0,0.10702896118164062,0.7738888888888888,0.7700334920666285,0.7611950028929761,0.8162528216704289,0.823440494773657,0.727878511594861,,,,
classical_ext,svc,8,poly2__svc_C100__d8,poly2,id_test,100.0,0.1279585361480713,0.8966666666666666,0.8977157673786887,0.8959245185420976,0.9047131147540983,0.9621817508334363,0.9432138716814888,,,,
classical_ext,svc,8,poly2__svc_C100__d8,poly2,ood_test,100.0,0.1279585361480713,0.785,0.7813654685925429,0.7742380534303273,0.8235294117647058,0.9083315220612933,0.8635401301107438,,,,
classical_ext,svc,8,poly3__svc_C0.01__d8,poly3,id_test,0.01,0.18573641777038574,0.8411111111111111,0.8413507840474133,0.8410873723111725,0.8430296377607025,0.903480676626744,0.8767999387169756,,,,
classical_ext,svc,8,poly3__svc_C0.01__d8,poly3,ood_test,0.01,0.18573641777038574,0.7466666666666667,0.7447687170266157,0.742965367965368,0.7738095238095238,0.8499426979391018,0.826301462603155,,,,
classical_ext,svc,8,poly3__svc_C0.1__d8,poly3,id_test,0.1,0.1369640827178955,0.8727777777777778,0.8736325472280528,0.8722002728998539,0.8807912545549194,0.893837510803803,0.8021498357124889,,,,
classical_ext,svc,8,poly3__svc_C0.1__d8,poly3,ood_test,0.1,0.1369640827178955,0.7277777777777777,0.7243721472465372,0.715903234451339,0.7739852398523985,0.7456121934833726,0.634014350916558,,,,
classical_ext,svc,8,poly3__svc_C10__d8,poly3,id_test,10.0,0.10932707786560059,0.8955555555555555,0.8967032967032966,0.8946377331420372,0.9044715447154471,0.9538683788121991,0.920524137595883,,,,
classical_ext,svc,8,poly3__svc_C10__d8,poly3,ood_test,10.0,0.10932707786560059,0.7738888888888888,0.7700334920666285,0.7611950028929761,0.8162528216704289,0.8678372423877175,0.7958233794477736,,,,
classical_ext,svc,8,poly3__svc_C100__d8,poly3,id_test,100.0,0.14534950256347656,0.9011111111111111,0.9020866773675762,0.9005092535088809,0.9082474226804124,0.9599320903815286,0.9364843654901649,,,,
classical_ext,svc,8,poly3__svc_C100__d8,poly3,ood_test,100.0,0.14534950256347656,0.8,0.7966369618052125,0.7913744943729065,0.8337950138504155,0.9138085617182714,0.8754423758093819,,,,
classical_ext,svc,8,laplacian_med__svc_C0.01__d8,laplacian_med,id_test,0.01,0.16254329681396484,0.8838888888888888,0.8850290159278924,0.8828807597246795,0.8937468225724453,0.9289616001975551,0.8855638928709264,,,,
classical_ext,svc,8,laplacian_med__svc_C0.01__d8,laplacian_med,ood_test,0.01,0.16254329681396484,0.7466666666666667,0.7425359125847182,0.730411123037368,0.7966101694915254,0.8715766958446127,0.8276583777636483,,,,
classical_ext,svc,8,laplacian_med__svc_C0.1__d8,laplacian_med,id_test,0.1,0.08112072944641113,0.895,0.8961414989504877,0.8940883425261456,0.9039145907473309,0.9431571798987529,0.9034663508666312,,,,
classical_ext,svc,8,laplacian_med__svc_C0.1__d8,laplacian_med,ood_test,0.1,0.08112072944641113,0.7727777777777778,0.76894178900986,0.7601509856387063,0.8151830094893809,0.880128781442036,0.8126805088925466,,,,
classical_ext,svc,8,laplacian_med__svc_C10__d8,laplacian_med,id_test,10.0,0.1000823974609375,0.9072222222222223,0.9076243980738363,0.9071589240936182,0.9095831077422848,0.9601703914063465,0.9345916338062045,,,,
classical_ext,svc,8,laplacian_med__svc_C10__d8,laplacian_med,ood_test,10.0,0.1000823974609375,0.8522222222222222,0.8498834199450691,0.8489734738372092,0.8711240310077519,0.9358328064178308,0.8999859015565479,,,,
classical_ext,svc,8,laplacian_med__svc_C100__d8,laplacian_med,id_test,100.0,0.12455034255981445,0.8994444444444445,0.8995616742807754,0.8994444134087696,0.8995002776235425,0.9570366711939745,0.9286898613110149,,,,
classical_ext,svc,8,laplacian_med__svc_C100__d8,laplacian_med,ood_test,100.0,0.12455034255981445,0.8666666666666667,0.8651228042443044,0.8652587032896838,0.8790322580645161,0.938538599853781,0.9184167734201895,,,,
classical_ext,svc,8,matern15_med__svc_C0.01__d8,matern15_med,id_test,0.01,0.1501786708831787,0.8894444444444445,0.8906346462526238,0.8883894839337877,0.8992405063291139,0.9177157673786888,0.8644376877266204,,,,
classical_ext,svc,8,matern15_med__svc_C0.01__d8,matern15_med,ood_test,0.01,0.1501786708831787,0.7505555555555555,0.746356873283408,0.734004651791947,0.8003557136505114,0.8358518247742497,0.7871382353594897,,,,
classical_ext,svc,8,matern15_med__svc_C0.1__d8,matern15_med,id_test,0.1,0.08860397338867188,0.8938888888888888,0.895054945054945,0.8929225145830004,0.9030948756976154,0.9250981602666997,0.8557995996243685,,,,
classical_ext,svc,8,matern15_med__svc_C0.1__d8,matern15_med,ood_test,0.1,0.08860397338867188,0.7627777777777778,0.7587410342034026,0.7482072955674852,0.8087774294670846,0.7922997885751547,0.6889622589706421,,,,
classical_ext,svc,8,matern15_med__svc_C10__d8,matern15_med,id_test,10.0,0.10372042655944824,0.9005555555555556,0.9013643659711076,0.9001620894196913,0.9064296915838996,0.9677466353870848,0.9495972127851317,,,,
classical_ext,svc,8,matern15_med__svc_C10__d8,matern15_med,ood_test,10.0,0.10372042655944824,0.8083333333333333,0.8051606433638285,0.8009354431398219,0.8393106660456451,0.938805350826928,0.9061534567226143,,,,
classical_ext,svc,8,matern15_med__svc_C100__d8,matern15_med,id_test,100.0,0.11100387573242188,0.9077777777777778,0.908260279046796,0.9076751946607342,0.910752688172043,0.9644042474379553,0.9436628327703528,,,,
classical_ext,svc,8,matern15_med__svc_C100__d8,matern15_med,ood_test,100.0,0.11100387573242188,0.8477777777777777,0.8451609397537987,0.8436636219322314,0.8690248565965584,0.9367886640716079,0.9005055883529873,,,,
classical_ext,svc,8,matern25_med__svc_C0.01__d8,matern25_med,id_test,0.01,0.14487481117248535,0.8861111111111111,0.8872638597357698,0.8850982378927328,0.8958862366683595,0.9165724163476971,0.8631666740159308,,,,
classical_ext,svc,8,matern25_med__svc_C0.01__d8,matern25_med,ood_test,0.01,0.14487481117248535,0.75,0.7458110217550238,0.7334909136852745,0.7998220640569395,0.8202296034302199,0.7581341417627757,,,,
classical_ext,svc,8,matern25_med__svc_C0.1__d8,matern25_med,id_test,0.1,0.09952402114868164,0.8905555555555555,0.8917582417582417,0.8894869558144167,0.900354071825999,0.9161266823064576,0.8470661915580455,,,,
classical_ext,svc,8,matern25_med__svc_C0.1__d8,matern25_med,ood_test,0.1,0.09952402114868164,0.7527777777777778,0.7485402793969451,0.7360609017227215,0.80248557478917,0.7762243375684167,0.6827170023331235,,,,
classical_ext,svc,8,matern25_med__svc_C10__d8,matern25_med,id_test,10.0,0.1024923324584961,0.9011111111111111,0.9020125941474255,0.9006085092020886,0.9076763485477178,0.9680367946660081,0.9524072971792128,,,,
classical_ext,svc,8,matern25_med__svc_C10__d8,matern25_med,ood_test,10.0,0.1024923324584961,0.8044444444444444,0.8012211266770732,0.7966686520569328,0.8364312267657993,0.9398982888419056,0.9121266642249487,,,,
classical_ext,svc,8,matern25_med__svc_C100__d8,matern25_med,id_test,100.0,0.12414860725402832,0.9038888888888889,0.904525250030868,0.9036740880512872,0.9082228116710875,0.9667983701691567,0.9486136527805094,,,,
classical_ext,svc,8,matern25_med__svc_C100__d8,matern25_med,ood_test,100.0,0.12414860725402832,0.8183333333333334,0.8152626015135649,0.8117342106702499,0.8469817501169864,0.9346978798237467,0.8997176863701594,,,,
classical_ext,svc,10,linear__svc_C0.01__d10,linear,id_test,0.01,0.17986488342285156,0.7,0.6998518335596987,0.6998662366807923,0.6935300794551645,0.8405988393628843,0.8561475454499448,,,,
classical_ext,svc,10,linear__svc_C0.01__d10,linear,ood_test,0.01,0.17986488342285156,0.7166666666666667,0.7155100871386513,0.7149422431996025,0.7371134020618557,0.8367780434310104,0.8212350058529855,,,,
classical_ext,svc,10,linear__svc_C0.1__d10,linear,id_test,0.1,0.15719366073608398,0.8366666666666667,0.8370786516853933,0.8365405405405405,0.841081081081081,0.90708852944808,0.8273072235224773,,,,
classical_ext,svc,10,linear__svc_C0.1__d10,linear,ood_test,0.1,0.15719366073608398,0.7405555555555555,0.7385667569009464,0.736437389770723,0.7693827160493827,0.7822892173328856,0.6630682729652068,,,,
classical_ext,svc,10,linear__svc_C10__d10,linear,id_test,10.0,0.10610151290893555,0.86,0.8604889492529941,0.8598337039376347,0.8646616541353384,0.9154019014693171,0.8705658748497453,,,,
classical_ext,svc,10,linear__svc_C10__d10,linear,ood_test,10.0,0.10610151290893555,0.7516666666666667,0.7494640281372879,0.7469008248214606,0.7816316560820713,0.8143771364777016,0.714495613777306,,,,
classical_ext,svc,10,linear__svc_C100__d10,linear,id_test,100.0,0.19419240951538086,0.8622222222222222,0.8627114458575132,0.8620585657798945,0.8668098818474759,0.9191653290529695,0.9063775166047898,,,,
classical_ext,svc,10,linear__svc_C100__d10,linear,ood_test,100.0,0.19419240951538086,0.7522222222222222,0.750088916991049,0.747737556561086,0.7813725490196078,0.8388885870102156,0.7878367543534608,,,,
classical_ext,svc,10,rbf_gscale__svc_C0.01__d10,rbf_gscale,id_test,0.01,0.16512656211853027,0.8888888888888888,0.8900728484998148,0.8878408236969908,0.8986828774062816,0.91972959624645,0.8754997062448473,,,,
classical_ext,svc,10,rbf_gscale__svc_C0.01__d10,rbf_gscale,ood_test,0.01,0.16512656211853027,0.7516666666666667,0.7474485763401766,0.7350325149945712,0.8014215904042647,0.8344316228338834,0.8008625577370294,,,,
classical_ext,svc,10,rbf_gscale__svc_C0.1__d10,rbf_gscale,id_test,0.1,0.06000924110412598,0.895,0.8961414989504877,0.8940883425261456,0.9039145907473309,0.9342832448450427,0.8880184011382226,,,,
classical_ext,svc,10,rbf_gscale__svc_C0.1__d10,rbf_gscale,ood_test,0.1,0.06000924110412598,0.7666666666666667,0.7627200695528463,0.7529592604985779,0.8111510791366906,0.8522063763362248,0.7913918918252492,,,,
classical_ext,svc,10,rbf_gscale__svc_C10__d10,rbf_gscale,id_test,10.0,0.09031033515930176,0.9044444444444445,0.9052475614273368,0.9040730532035138,0.9100418410041841,0.9696394616619336,0.9538755710161847,,,,
classical_ext,svc,10,rbf_gscale__svc_C10__d10,rbf_gscale,ood_test,10.0,0.09031033515930176,0.8122222222222222,0.8091594380446165,0.8054429913427887,0.8417602996254682,0.9395796696239799,0.912921994824774,,,,
classical_ext,svc,10,rbf_gscale__svc_C100__d10,rbf_gscale,id_test,100.0,0.09606742858886719,0.9127777777777778,0.9133658476355107,0.9126178738809383,0.9163558870538092,0.9715359920977898,0.9603526178247717,,,,
classical_ext,svc,10,rbf_gscale__svc_C100__d10,rbf_gscale,ood_test,100.0,0.09606742858886719,0.8372222222222222,0.8343748147562686,0.832079661866896,0.8614657210401891,0.9457803947914402,0.920954166987776,,,,
classical_ext,svc,10,poly2__svc_C0.01__d10,poly2,id_test,0.01,0.19767546653747559,0.72,0.7207803432522534,0.7189117372940174,0.7364016736401674,0.8560896406963823,0.8628147093993966,,,,
classical_ext,svc,10,poly2__svc_C0.01__d10,poly2,ood_test,0.01,0.19767546653747559,0.7011111111111111,0.6987838131557629,0.6948418055382242,0.738581146744412,0.8420340255685748,0.8310821846373486,,,,
classical_ext,svc,10,poly2__svc_C0.1__d10,poly2,id_test,0.1,0.11882495880126953,0.8438888888888889,0.8442338560316088,0.8438155689754356,0.8471995649809679,0.8897493517718237,0.7997172327146683,,,,
classical_ext,svc,10,poly2__svc_C0.1__d10,poly2,ood_test,0.1,0.11882495880126953,0.7288888888888889,0.7266296508526151,0.7234688789156354,0.7621832358674464,0.7387038372621471,0.621592315203406,,,,
classical_ext,svc,10,poly2__svc_C10__d10,poly2,id_test,10.0,0.08358430862426758,0.8961111111111111,0.8972527472527472,0.8952091008062921,0.9049313675648195,0.945696999629584,0.9062220067647527,,,,
classical_ext,svc,10,poly2__svc_C10__d10,poly2,ood_test,10.0,0.08358430862426758,0.7738888888888888,0.7700334920666285,0.7611950028929761,0.8162528216704289,0.8567300282558437,0.7946377531094215,,,,
classical_ext,svc,10,poly2__svc_C100__d10,poly2,id_test,100.0,0.12388086318969727,0.8988888888888888,0.8999135695764909,0.8982006751818467,0.9065708418891171,0.9655587109519693,0.9453060386495592,,,,
classical_ext,svc,10,poly2__svc_C100__d10,poly2,ood_test,100.0,0.12388086318969727,0.7883333333333333,0.7847788930822581,0.7781856700439068,0.825629290617849,0.9250269220889564,0.8925497043175368,,,,
classical_ext,svc,10,poly3__svc_C0.01__d10,poly3,id_test,0.01,0.1746988296508789,0.7394444444444445,0.7408383751080381,0.7358142550772513,0.7667826951765291,0.9013804173354735,0.8894593239084118,,,,
classical_ext,svc,10,poly3__svc_C0.01__d10,poly3,ood_test,0.01,0.1746988296508789,0.68,0.6768558951965066,0.6681602867750608,0.7308411214953271,0.8564743919065778,0.8460843208525177,,,,
classical_ext,svc,10,poly3__svc_C0.1__d10,poly3,id_test,0.1,0.12149381637573242,0.885,0.8860661810100012,0.8841408903987127,0.8941176470588236,0.9004543770835907,0.8333156483855602,,,,
classical_ext,svc,10,poly3__svc_C0.1__d10,poly3,ood_test,0.1,0.12149381637573242,0.7455555555555555,0.741562765516015,0.7303076141972562,0.7944344703770198,0.756143917089846,0.6629561531225551,,,,
classical_ext,svc,10,poly3__svc_C10__d10,poly3,id_test,10.0,0.0982353687286377,0.8955555555555555,0.8966909494999382,0.8946596423159439,0.9043743641912513,0.9571477960242005,0.9265985081342266,,,,
classical_ext,svc,10,poly3__svc_C10__d10,poly3,ood_test,10.0,0.0982353687286377,0.7738888888888888,0.7700334920666285,0.7611950028929761,0.8162528216704289,0.9037720563536128,0.8632712393034835,,,,
classical_ext,svc,10,poly3__svc_C100__d10,poly3,id_test,100.0,0.13195157051086426,0.9033333333333333,0.9042844795653784,0.9027783296249206,0.9101239669421488,0.9698567724410422,0.957349639655512,,,,
classical_ext,svc,10,poly3__svc_C100__d10,poly3,ood_test,100.0,0.13195157051086426,0.8022222222222222,0.7989982019008477,0.7943580685575797,0.8345724907063197,0.9287540259637613,0.895913181327575,,,,
classical_ext,svc,10,laplacian_med__svc_C0.01__d10,laplacian_med,id_test,0.01,0.14905619621276855,0.8666666666666667,0.8675885911840968,0.8659457527145985,0.8757763975155279,0.9378454130139524,0.9215387674497213,,,,
classical_ext,svc,10,laplacian_med__svc_C0.01__d10,laplacian_med,ood_test,0.01,0.14905619621276855,0.735,0.7311125491513367,0.7199709990929879,0.7848443843031123,0.8908383390306073,0.8817526630253336,,,,
classical_ext,svc,10,laplacian_med__svc_C0.1__d10,laplacian_med,id_test,0.1,0.08369112014770508,0.895,0.8961414989504877,0.8940883425261456,0.9039145907473309,0.9552562044696876,0.9263420989561698,,,,
classical_ext,svc,10,laplacian_med__svc_C0.1__d10,laplacian_med,ood_test,0.1,0.08369112014770508,0.7727777777777778,0.76894178900986,0.7601509856387063,0.8151830094893809,0.9117288920942914,0.8770208219089619,,,,
classical_ext,svc,10,laplacian_med__svc_C10__d10,laplacian_med,id_test,10.0,0.06900739669799805,0.9111111111111111,0.9114335103099148,0.911079385113948,0.9127589967284624,0.9675293246079761,0.953563676673865,,,,
classical_ext,svc,10,laplacian_med__svc_C10__d10,laplacian_med,ood_test,10.0,0.06900739669799805,0.8666666666666667,0.8646288209606987,0.864374597362086,0.8820058997050148,0.949403762176688,0.9259684785071529,,,,
classical_ext,svc,10,laplacian_med__svc_C100__d10,laplacian_med,id_test,100.0,0.11000609397888184,0.9044444444444445,0.9044820348191135,0.9044401973421041,0.9038031319910514,0.9658612174342511,0.9514504492169176,,,,
classical_ext,svc,10,laplacian_med__svc_C100__d10,laplacian_med,ood_test,100.0,0.11000609397888184,0.8755555555555555,0.8740342626805508,0.8742701619894252,0.8869828456104945,0.9473537315497244,0.9322411387178969,,,,
classical_ext,svc,10,matern15_med__svc_C0.01__d10,matern15_med,id_test,0.01,0.15188860893249512,0.8894444444444445,0.8906346462526238,0.8883894839337877,0.8992405063291139,0.9255834053586862,0.8911815260159108,,,,
classical_ext,svc,10,matern15_med__svc_C0.01__d10,matern15_med,ood_test,0.01,0.15188860893249512,0.7511111111111111,0.7469027248117923,0.7345185185185186,0.8008888888888889,0.8663058942085399,0.8570474275947161,,,,
classical_ext,svc,10,matern15_med__svc_C0.1__d10,matern15_med,id_test,0.1,0.07273101806640625,0.895,0.8961414989504877,0.8940883425261456,0.9039145907473309,0.9402185454994444,0.8965076100863257,,,,
classical_ext,svc,10,matern15_med__svc_C0.1__d10,matern15_med,ood_test,0.1,0.07273101806640625,0.7727777777777778,0.76894178900986,0.7601509856387063,0.8151830094893809,0.857955106799186,0.7917905279705217,,,,
classical_ext,svc,10,matern15_med__svc_C10__d10,matern15_med,id_test,10.0,0.07284283638000488,0.905,0.9057723175700704,0.9046631135763381,0.9103303618248558,0.9687479935794543,0.9526878855097768,,,,
classical_ext,svc,10,matern15_med__svc_C10__d10,matern15_med,ood_test,10.0,0.07284283638000488,0.8205555555555556,0.8175250449524789,0.8141964283146235,0.8485700890764182,0.943594518761485,0.916274392341891,,,,
classical_ext,svc,10,matern15_med__svc_C100__d10,matern15_med,id_test,100.0,0.10516166687011719,0.9166666666666666,0.9170761822447215,0.9166073652375022,0.9188311688311688,0.9708112112606494,0.9538614526955678,,,,
classical_ext,svc,10,matern15_med__svc_C100__d10,matern15_med,ood_test,100.0,0.10516166687011719,0.8527777777777777,0.8503502341480764,0.8493115242565799,0.8721659430776653,0.9517563575648601,0.9270790773925471,,,,
classical_ext,svc,10,matern25_med__svc_C0.01__d10,matern25_med,id_test,0.01,0.14356493949890137,0.8894444444444445,0.8906346462526238,0.8883894839337877,0.8992405063291139,0.9228991233485615,0.8858193034755524,,,,
classical_ext,svc,10,matern25_med__svc_C0.01__d10,matern25_med,ood_test,0.01,0.14356493949890137,0.7516666666666667,0.7474485763401766,0.7350325149945712,0.8014215904042647,0.850735541109289,0.8300034865472062,,,,
classical_ext,svc,10,matern25_med__svc_C0.1__d10,matern25_med,id_test,0.1,0.09375739097595215,0.89,0.8911964440054327,0.8889381942920962,0.8997975708502024,0.9355500679096184,0.8930831594982676,,,,
classical_ext,svc,10,matern25_med__svc_C0.1__d10,matern25_med,ood_test,0.1,0.09375739097595215,0.7527777777777778,0.7485797980596336,0.7363743208182993,0.802134281903068,0.8399901697326563,0.7788826944273828,,,,
classical_ext,svc,10,matern25_med__svc_C10__d10,matern25_med,id_test,10.0,0.08931827545166016,0.9033333333333333,0.9041733547351525,0.9029161123296537,0.9092805005213764,0.9684158538091123,0.948446895612521,,,,
classical_ext,svc,10,matern25_med__svc_C10__d10,matern25_med,ood_test,10.0,0.08931827545166016,0.8111111111111111,0.8080282163251595,0.80420736615398,0.8409728718428437,0.9414160524807841,0.913722642617926,,,,
classical_ext,svc,10,matern25_med__svc_C100__d10,matern25_med,id_test,100.0,0.09925651550292969,0.915,0.9155513026299543,0.9148675454619363,0.9182255478353821,0.9707865168539325,0.9568415583129796,,,,
classical_ext,svc,10,matern25_med__svc_C100__d10,matern25_med,ood_test,100.0,0.09925651550292969,0.8366666666666667,0.8338289632278844,0.8315402921750912,0.8609271523178808,0.945679128218301,0.9189469366138132,,,,
classical_ext,svc,12,linear__svc_C0.01__d12,linear,id_test,0.01,0.22923612594604492,0.7033333333333334,0.7032843560933448,0.7032890098397415,0.6996625421822272,0.8442486726756391,0.8674466781425547,,,,
classical_ext,svc,12,linear__svc_C0.01__d12,linear,ood_test,0.01,0.22923612594604492,0.715,0.713753976565433,0.7130336605860093,0.736788096459723,0.841023829753601,0.839777402126276,,,,
classical_ext,svc,12,linear__svc_C0.1__d12,linear,id_test,0.1,0.13502907752990723,0.8355555555555556,0.8359550561797753,0.835438534068671,0.8398268398268398,0.9096098283738734,0.8314991036779277,,,,
classical_ext,svc,12,linear__svc_C0.1__d12,linear,ood_test,0.1,0.13502907752990723,0.7411111111111112,0.7391718864233634,0.7371851109161549,0.7693069306930693,0.7789770594163092,0.6539944959916811,,,,
classical_ext,svc,12,linear__svc_C10__d12,linear,id_test,10.0,0.10279726982116699,0.8572222222222222,0.8576799604889492,0.8570789041233015,0.8616047388260636,0.9144882084207927,0.8697114554110088,,,,
classical_ext,svc,12,linear__svc_C10__d12,linear,ood_test,10.0,0.10279726982116699,0.7494444444444445,0.7471818253670296,0.7443947416727567,0.7803214807598636,0.8139486059791737,0.7119930643994662,,,,
classical_ext,svc,12,linear__svc_C100__d12,linear,id_test,100.0,0.18700289726257324,0.8561111111111112,0.856494628966539,0.8560211243138073,0.8596205962059621,0.921795283368317,0.912214075223212,,,,
classical_ext,svc,12,linear__svc_C100__d12,linear,ood_test,100.0,0.18700289726257324,0.7627777777777778,0.7610923946333656,0.7599606492867683,0.7859649122807018,0.8421278823924598,0.7964435400168919,,,,
classical_ext,svc,12,rbf_gscale__svc_C0.01__d12,rbf_gscale,id_test,0.01,0.12875938415527344,0.8888888888888888,0.8900728484998148,0.8878408236969908,0.8986828774062816,0.9290122237313249,0.906244551466945,,,,
classical_ext,svc,12,rbf_gscale__svc_C0.01__d12,rbf_gscale,ood_test,0.01,0.12875938415527344,0.7505555555555555,0.746356873283408,0.734004651791947,0.8003557136505114,0.8502539074077733,0.830707782187544,,,,
classical_ext,svc,12,rbf_gscale__svc_C0.1__d12,rbf_gscale,id_test,0.1,0.06785821914672852,0.8955555555555555,0.8967032967032966,0.8946377331420372,0.9044715447154471,0.9442992962094086,0.9066434487269536,,,,
classical_ext,svc,12,rbf_gscale__svc_C0.1__d12,rbf_gscale,ood_test,0.1,0.06785821914672852,0.7738888888888888,0.7700334920666285,0.7611950028929761,0.8162528216704289,0.8712123831729535,0.8138972159843304,,,,
classical_ext,svc,12,rbf_gscale__svc_C10__d12,rbf_gscale,id_test,10.0,0.07060694694519043,0.9055555555555556,0.9063711569329547,0.9051752027577282,0.9111807732497388,0.9730596369922213,0.9687509551727719,,,,
classical_ext,svc,12,rbf_gscale__svc_C10__d12,rbf_gscale,ood_test,10.0,0.07060694694519043,0.8116666666666666,0.8086135865162323,0.8049092405943522,0.8412177985948478,0.9377247623940405,0.9141086707476546,,,,
classical_ext,svc,12,rbf_gscale__svc_C100__d12,rbf_gscale,id_test,100.0,0.12008261680603027,0.9183333333333333,0.9188356587232992,0.9182331689653158,0.9210950080515298,0.9747252747252747,0.9698404110868152,,,,
classical_ext,svc,12,rbf_gscale__svc_C100__d12,rbf_gscale,ood_test,100.0,0.12008261680603027,0.8372222222222222,0.8346119267323994,0.8328536670935649,0.8598756575801052,0.9467708312750698,0.9264778446669036,,,,
classical_ext,svc,12,poly2__svc_C0.01__d12,poly2,id_test,0.01,0.18203258514404297,0.7266666666666667,0.7273860970490185,0.7257861354794841,0.7413249211356467,0.8593221385356216,0.876508300701773,,,,
classical_ext,svc,12,poly2__svc_C0.01__d12,poly2,ood_test,0.01,0.18203258514404297,0.7044444444444444,0.7022565156395109,0.6989118568862908,0.7397260273972602,0.8452807307000731,0.8430317075689395,,,,
classical_ext,svc,12,poly2__svc_C0.1__d12,poly2,id_test,0.1,0.0932321548461914,0.8461111111111111,0.8464193110260526,0.8460593699549015,0.8488816148390617,0.8959982713915297,0.8005990871761508,,,,
classical_ext,svc,12,poly2__svc_C0.1__d12,poly2,ood_test,0.1,0.0932321548461914,0.7383333333333333,0.7363240727933766,0.7341045284714837,0.7676369018253577,0.7446649805370587,0.620652657843259,,,,
classical_ext,svc,12,poly2__svc_C10__d12,poly2,id_test,10.0,0.07551908493041992,0.895,0.8961291517471293,0.8941102318089502,0.9038167938931297,0.9460908754167182,0.9084869401050493,,,,
classical_ext,svc,12,poly2__svc_C10__d12,poly2,ood_test,10.0,0.07551908493041992,0.7733333333333333,0.7694876405382443,0.7606729314046388,0.8157181571815718,0.8649054515995178,0.8007850762139951,,,,
classical_ext,svc,12,poly2__svc_C100__d12,poly2,id_test,100.0,0.10628533363342285,0.9044444444444445,0.9053463390542043,0.9039587841728047,0.9107883817427386,0.9689233238671441,0.9638029550039839,,,,
classical_ext,svc,12,poly2__svc_C100__d12,poly2,ood_test,100.0,0.10628533363342285,0.8061111111111111,0.8028784405935703,0.7983559688013478,0.8379006038086391,0.9089341816672923,0.8673554638523858,,,,
classical_ext,svc,12,poly3__svc_C0.01__d12,poly3,id_test,0.01,0.1756424903869629,0.7366666666666667,0.7379923447339178,0.733375,0.763,0.9009976540313618,0.9073087185399104,,,,
classical_ext,svc,12,poly3__svc_C0.01__d12,poly3,ood_test,0.01,0.1756424903869629,0.6811111111111111,0.6779871169159636,0.6694559652128957,0.7315247895229187,0.855527178960264,0.846415111690445,,,,
classical_ext,svc,12,poly3__svc_C0.1__d12,poly3,id_test,0.1,0.08581209182739258,0.8566666666666667,0.8572663291764415,0.8563829787234043,0.8627659574468085,0.9040696382269415,0.8247113927300843,,,,
classical_ext,svc,12,poly3__svc_C0.1__d12,poly3,ood_test,0.1,0.08581209182739258,0.7211111111111111,0.7182368748641546,0.7123579138499856,0.7625354777672658,0.7541506945404968,0.6354968085098307,,,,
classical_ext,svc,12,poly3__svc_C10__d12,poly3,id_test,10.0,0.0680079460144043,0.895,0.8961044573404124,0.8941531928742261,0.9036206017338093,0.965063588097296,0.9540020378004921,,,,
classical_ext,svc,12,poly3__svc_C10__d12,poly3,ood_test,10.0,0.0680079460144043,0.775,0.771204232448774,0.7627508405422039,0.8166591217745586,0.8977862139145213,0.8470668697314641,,,,
classical_ext,svc,12,poly3__svc_C100__d12,poly3,id_test,100.0,0.09783530235290527,0.9055555555555556,0.9064452401531053,0.9050904990006587,0.9117341640706127,0.971321150759353,0.9670438479960548,,,,
classical_ext,svc,12,poly3__svc_C100__d12,poly3,ood_test,100.0,0.09783530235290527,0.8094444444444444,0.8062918650832855,0.8021772042390598,0.84009324009324,0.9129366812227075,0.8786575827709121,,,,
classical_ext,svc,12,laplacian_med__svc_C0.01__d12,laplacian_med,id_test,0.01,0.13121438026428223,0.855,0.8556426719348068,0.8546604707107437,0.8616852146263911,0.9392776886035312,0.918941602168907,,,,
classical_ext,svc,12,laplacian_med__svc_C0.01__d12,laplacian_med,ood_test,0.01,0.13121438026428223,0.7377777777777778,0.7347112173724042,0.7284272948468951,0.7788191190253045,0.8869790946274378,0.8470192306148345,,,,
classical_ext,svc,12,laplacian_med__svc_C0.1__d12,laplacian_med,id_test,0.1,0.07522892951965332,0.8955555555555555,0.8967032967032966,0.8946377331420372,0.9044715447154471,0.9603728855414247,0.9434116816604861,,,,
classical_ext,svc,12,laplacian_med__svc_C0.1__d12,laplacian_med,ood_test,0.1,0.07522892951965332,0.7727777777777778,0.76894178900986,0.7601509856387063,0.8151830094893809,0.9226965559485467,0.9026662789850118,,,,
classical_ext,svc,12,laplacian_med__svc_C10__d12,laplacian_med,id_test,10.0,0.06178092956542969,0.9222222222222223,0.9224225212989259,0.9222175168621312,0.9228224917309813,0.9722607729349302,0.9613551748968384,,,,
classical_ext,svc,12,laplacian_med__svc_C10__d12,laplacian_med,ood_test,10.0,0.06178092956542969,0.88,0.8782232409255271,0.8783759434623315,0.8924302788844621,0.9598848524965915,0.9438841252164974,,,,
classical_ext,svc,12,laplacian_med__svc_C100__d12,laplacian_med,id_test,100.0,0.09202075004577637,0.915,0.915008025682183,0.9149924175335393,0.9141895681435782,0.9700901345845165,0.9554139296261568,,,,
classical_ext,svc,12,laplacian_med__svc_C100__d12,laplacian_med,ood_test,100.0,0.09202075004577637,0.8816666666666667,0.8803152601315971,0.8806639120386581,0.8916030534351145,0.9563837459740361,0.9476219325074569,,,,
classical_ext,svc,12,matern15_med__svc_C0.01__d12,matern15_med,id_test,0.01,0.14723730087280273,0.8883333333333333,0.8895110507470059,0.8872922125398472,0.8981246832235175,0.9352327447833065,0.920047235976032,,,,
classical_ext,svc,12,matern15_med__svc_C0.01__d12,matern15_med,ood_test,0.01,0.14723730087280273,0.7494444444444445,0.7452651702266395,0.7329773030707609,0.7992879394748553,0.8759089292418344,0.8727024161488606,,,,
classical_ext,svc,12,matern15_med__svc_C0.1__d12,matern15_med,id_test,0.1,0.07751941680908203,0.8955555555555555,0.8967032967032966,0.8946377331420372,0.9044715447154471,0.9451302629954316,0.9088315996047267,,,,
classical_ext,svc,12,matern15_med__svc_C0.1__d12,matern15_med,ood_test,0.1,0.07751941680908203,0.7738888888888888,0.7700334920666285,0.7611950028929761,0.8162528216704289,0.8747542433164062,0.8125498625632153,,,,
classical_ext,svc,12,matern15_med__svc_C10__d12,matern15_med,id_test,10.0,0.08082008361816406,0.9077777777777778,0.9085319175206816,0.9074688837799271,0.9128151260504201,0.9751401407581183,0.9658504902418013,,,,
classical_ext,svc,12,matern15_med__svc_C10__d12,matern15_med,ood_test,10.0,0.08082008361816406,0.8188888888888889,0.815887490367326,0.8125898246622593,0.8469483568075117,0.947845244916912,0.9261369238767833,,,,
classical_ext,svc,12,matern15_med__svc_C100__d12,matern15_med,id_test,100.0,0.07994604110717773,0.9211111111111111,0.9214347450302507,0.921082954288629,0.9225736095965104,0.9689257933078157,0.954035042599153,,,,
classical_ext,svc,12,matern15_med__svc_C100__d12,matern15_med,ood_test,100.0,0.07994604110717773,0.8577777777777778,0.8556580845304196,0.8551597454734277,0.8746327130264446,0.950094103815527,0.9274174690291552,,,,
classical_ext,svc,12,matern25_med__svc_C0.01__d12,matern25_med,id_test,0.01,0.14236211776733398,0.8883333333333333,0.8895110507470059,0.8872922125398472,0.8981246832235175,0.9341387825657489,0.9198357210587044,,,,
classical_ext,svc,12,matern25_med__svc_C0.01__d12,matern25_med,ood_test,0.01,0.14236211776733398,0.7494444444444445,0.7452651702266395,0.7329773030707609,0.7992879394748553,0.8650721709577348,0.8607471599399238,,,,
classical_ext,svc,12,matern25_med__svc_C0.1__d12,matern25_med,id_test,0.1,0.06882810592651367,0.8922222222222222,0.8934065934065933,0.891205598986081,0.9017223910840932,0.9414545005556241,0.902299467299158,,,,
classical_ext,svc,12,matern25_med__svc_C0.1__d12,matern25_med,ood_test,0.1,0.06882810592651367,0.7616666666666667,0.7575900531526013,0.7467392099325982,0.8082253017434063,0.8594753403544825,0.7974922176406714,,,,
classical_ext,svc,12,matern25_med__svc_C10__d12,matern25_med,id_test,10.0,0.061888933181762695,0.9055555555555556,0.9063711569329547,0.9051752027577282,0.9111807732497388,0.9728028151623657,0.9662145211949799,,,,
classical_ext,svc,12,matern25_med__svc_C10__d12,matern25_med,ood_test,10.0,0.061888933181762695,0.8144444444444444,0.8114021221521863,0.8078277891501334,0.8434864104967198,0.945593916101879,0.9243910652805198,,,,
classical_ext,svc,12,matern25_med__svc_C100__d12,matern25_med,id_test,100.0,0.09390974044799805,0.9161111111111111,0.9166255093221385,0.9160015761293663,0.9190348525469169,0.9741128534386959,0.9633526793790598,,,,
classical_ext,svc,12,matern25_med__svc_C100__d12,matern25_med,ood_test,100.0,0.09390974044799805,0.8427777777777777,0.8402087573356518,0.8386765268012634,0.8643986583612842,0.9513994546424549,0.9311395954011558,,,,
