family,model,dim,cfg,kernel,split,svc_c,fit_seconds,accuracy,balanced_accuracy,f1_macro,f1_pos,roc_auc,pr_auc,log_loss,brier,ece,mean_predictive_entropy
classical_ext,svc,4,laplacian_med_x0.1__svc__d4,laplacian_med_x0.1,id_test,1.0,0.07181525230407715,0.796,0.7959157544331349,0.7959338825779553,0.7996070726915521,0.8738717111580565,0.8541359537542267,,,,
classical_ext,svc,4,laplacian_med_x0.1__svc__d4,laplacian_med_x0.1,ood_test,1.0,0.07181525230407715,0.745,0.7466417026878419,0.7449426120877197,0.7411167512690355,0.8410934383265305,0.81849008858757,,,,
classical_ext,gpc,4,laplacian_med_x0.1__gpc__d4,laplacian_med_x0.1,id_test,,4.41301965713501,0.787,0.7868334293579156,0.7868872633623186,0.7917888563049853,0.8589038793931247,0.8175131183194662,0.47960879718399074,0.15376267413657674,0.07335207199809715,0.545426704569172
classical_ext,gpc,4,laplacian_med_x0.1__gpc__d4,laplacian_med_x0.1,ood_test,,4.41301965713501,0.741,0.7442576828450909,0.7409562216014507,0.7443237907206318,0.8364056686694039,0.8421609540548187,0.5112674661918803,0.17116179328857795,0.09922013974500976,0.5454125861267207
classical_ext,svc,4,laplacian_med_x0.3__svc__d4,laplacian_med_x0.3,id_test,1.0,0.06995844841003418,0.783,0.7824803149606299,0.7825596833588015,0.7923444976076555,0.8654335509890532,0.8583981649052108,,,,
classical_ext,svc,4,laplacian_med_x0.3__svc__d4,laplacian_med_x0.3,ood_test,1.0,0.06995844841003418,0.752,0.7552366159761438,0.7519642828567313,0.7549407114624506,0.8305740511079271,0.792963439851744,,,,
classical_ext,gpc,4,laplacian_med_x0.3__gpc__d4,laplacian_med_x0.3,id_test,,4.630709409713745,0.779,0.778671339863005,0.7787590686257335,0.7860600193610843,0.8436039626144294,0.7995183498657725,0.497346249319594,0.16109555387825536,0.07454640239077504,0.5491309792713118
classical_ext,gpc,4,laplacian_med_x0.3__gpc__d4,laplacian_med_x0.3,ood_test,,4.630709409713745,0.744,0.747675179303176,0.7438975590236094,0.7490196078431373,0.8328216119024399,0.8319333287429264,0.5153430694711305,0.17206161270569909,0.07895597687263273,0.5369216331286373
classical_ext,svc,4,laplacian_med_x3__svc__d4,laplacian_med_x3,id_test,1.0,0.05688810348510742,0.726,0.7266980346968824,0.7257191363956692,0.7169421487603306,0.8001608411753408,0.760040565870696,,,,
classical_ext,svc,4,laplacian_med_x3__svc__d4,laplacian_med_x3,ood_test,1.0,0.05688810348510742,0.728,0.7301080835932076,0.7279902076474754,0.7263581488933601,0.7892189324888926,0.7249587612542704,,,,
classical_ext,gpc,4,laplacian_med_x3__gpc__d4,laplacian_med_x3,id_test,,4.18858790397644,0.713,0.7132305870302798,0.7129974169767528,0.7121364092276831,0.7832165034248768,0.741313854166221,0.5655417708098175,0.19041495591042795,0.09278740984947681,0.5967500093795493
classical_ext,gpc,4,laplacian_med_x3__gpc__d4,laplacian_med_x3,ood_test,,4.18858790397644,0.719,0.7219506419595519,0.7189772371562096,0.7215064420218038,0.7920524644905461,0.7669490936431045,0.5641429375193799,0.1901338835673463,0.06814695985884756,0.5949902841128932
classical_ext,svc,4,laplacian_med_x10__svc__d4,laplacian_med_x10,id_test,1.0,0.09897518157958984,0.697,0.6968103834581653,0.6968396281632985,0.7038123167155426,0.7644436975865821,0.7235002887931061,,,,
classical_ext,svc,4,laplacian_med_x10__svc__d4,laplacian_med_x10,ood_test,1.0,0.09897518157958984,0.704,0.7075401651154484,0.7038815526210485,0.7098039215686275,0.7730766297825886,0.6943638610081191,,,,
classical_ext,gpc,4,laplacian_med_x10__gpc__d4,laplacian_med_x10,id_test,,4.276388168334961,0.704,0.7039242045963767,0.7039242045963767,0.7086614173228346,0.7618030215735228,0.7231940539651145,0.5898089052085216,0.201012357107989,0.09013758103377693,0.6147367423518965
classical_ext,gpc,4,laplacian_med_x10__gpc__d4,laplacian_med_x10,ood_test,,4.276388168334961,0.722,0.7253681384176369,0.7219288137763268,0.7263779527559056,0.764399439715202,0.7253189563067682,0.5883333053643537,0.2003914175529609,0.10497907197394617,0.6222448326644808
classical_ext,svc,4,matern15_med_x0.1__svc__d4,matern15_med_x0.1,id_test,1.0,0.07223176956176758,0.786,0.7854650790602394,0.7855462157926172,0.7954110898661568,0.8667338838742719,0.8550167009156568,,,,
classical_ext,svc,4,matern15_med_x0.1__svc__d4,matern15_med_x0.1,ood_test,1.0,0.07223176956176758,0.744,0.7467440469740206,0.743995903934463,0.7450199203187251,0.8244253669343672,0.7923958731881209,,,,
classical_ext,gpc,4,matern15_med_x0.1__gpc__d4,matern15_med_x0.1,id_test,,5.161036729812622,0.788,0.7878176813264195,0.7878778176229508,0.79296875,0.8520701299532681,0.8087735833610509,0.48577716542720534,0.15589032611334414,0.08055597635112914,0.5345892624822629
classical_ext,gpc,4,matern15_med_x0.1__gpc__d4,matern15_med_x0.1,ood_test,,5.161036729812622,0.741,0.7441412913039465,0.740968657207522,0.7438180019782393,0.8305138485866455,0.8307505811747165,0.5178710558812277,0.17341940029101757,0.09090372033601371,0.5357878368050346
classical_ext,svc,4,matern15_med_x0.3__svc__d4,matern15_med_x0.3,id_test,1.0,0.06793618202209473,0.784,0.7836246078996223,0.7837197007321488,0.7915057915057915,0.8370622879457141,0.8063215857958533,,,,
classical_ext,svc,4,matern15_med_x0.3__svc__d4,matern15_med_x0.3,ood_test,1.0,0.06793618202209473,0.751,0.7547570025566004,0.7508901425528658,0.7561214495592556,0.8160692569804824,0.7531742741584622,,,,
classical_ext,gpc,4,matern15_med_x0.3__gpc__d4,matern15_med_x0.3,id_test,,4.671694755554199,0.777,0.7765107867614109,0.7765869091951018,0.7861936720997124,0.8259274374239804,0.7841114411989327,0.517840889887901,0.1695219557263526,0.06741566527945676,0.5515820913990929
classical_ext,gpc,4,matern15_med_x0.3__gpc__d4,matern15_med_x0.3,ood_test,,4.671694755554199,0.757,0.7599625138967487,0.7569880924165284,0.7586891757696127,0.8313205623718188,0.8170248293580771,0.5178189501620575,0.17221176109016822,0.06536380733630308,0.5353133743009568
classical_ext,svc,4,matern15_med_x3__svc__d4,matern15_med_x3,id_test,1.0,0.06661605834960938,0.678,0.6775014403687344,0.6774309882632965,0.690978886756238,0.7453027975161641,0.712694197533966,,,,
classical_ext,svc,4,matern15_med_x3__svc__d4,matern15_med_x3,ood_test,1.0,0.06661605834960938,0.69,0.696402698678354,0.6884735202492211,0.7102803738317757,0.7649533029109926,0.6773259322105336,,,,
classical_ext,gpc,4,matern15_med_x3__gpc__d4,matern15_med_x3,id_test,,4.247240304946899,0.679,0.678517700531336,0.6784594904033681,0.69164265129683,0.747251296331861,0.7104063372603271,0.6012521426121877,0.20664926425976504,0.05796712985786018,0.6116214355573812
classical_ext,gpc,4,matern15_med_x3__gpc__d4,matern15_med_x3,ood_test,,4.247240304946899,0.693,0.6990054543484281,0.6917766615697705,0.7111947318908749,0.748168839977685,0.6955915524974148,0.5994343190489041,0.20573515604000853,0.06795450095439802,0.6193456919436543
classical_ext,svc,4,matern15_med_x10__svc__d4,matern15_med_x10,id_test,1.0,0.07630085945129395,0.683,0.682230651046668,0.6818926683786259,0.7006610009442871,0.7346080596632739,0.6942987165877287,,,,
classical_ext,svc,4,matern15_med_x10__svc__d4,matern15_med_x10,ood_test,1.0,0.07630085945129395,0.647,0.6512207064565196,0.6465670446296714,0.6589371980676328,0.722434268880514,0.668249621183054,,,,
classical_ext,gpc,4,matern15_med_x10__gpc__d4,matern15_med_x10,id_test,,3.9610133171081543,0.687,0.6864237244734652,0.6863070522784831,0.7010506208213945,0.7439624543883234,0.7044872354358475,0.6127438857413563,0.21131851063914725,0.09129725923313177,0.6441098611551666
classical_ext,gpc,4,matern15_med_x10__gpc__d4,matern15_med_x10,ood_test,,3.9610133171081543,0.66,0.6631588664266592,0.6599129377120543,0.6653543307086615,0.7248744777431279,0.6762495465365215,0.6281726448690812,0.21882730197539876,0.11765718624735429,0.6459142900684524
classical_ext,svc,4,matern25_med_x0.1__svc__d4,matern25_med_x0.1,id_test,1.0,0.10475468635559082,0.785,0.7845128352858332,0.7846017285961744,0.7938638542665388,0.8627928749759938,0.8498545746894093,,,,
classical_ext,svc,4,matern25_med_x0.1__svc__d4,matern25_med_x0.1,ood_test,1.0,0.10475468635559082,0.74,0.7426141540141035,0.73999895999584,0.7405189620758483,0.8197937862971035,0.7906712249372615,,,,
classical_ext,gpc,4,matern25_med_x0.1__gpc__d4,matern25_med_x0.1,id_test,,4.9869701862335205,0.786,0.785721144613021,0.7858072265038535,0.7922330097087379,0.8495374815952884,0.8064072061609693,0.4889695456470737,0.15704691553908168,0.07448220517753434,0.5332663954646678
classical_ext,gpc,4,matern25_med_x0.1__gpc__d4,matern25_med_x0.1,ood_test,,4.9869701862335205,0.737,0.7402441814263181,0.7369555454871873,0.7403751233958539,0.8289405560304866,0.8286940264049544,0.5203933143670646,0.17432456040903885,0.08519178828295004,0.534313469432706
classical_ext,svc,4,matern25_med_x0.3__svc__d4,matern25_med_x0.3,id_test,1.0,0.07291316986083984,0.772,0.7714614941425004,0.7715165289753119,0.7820267686424475,0.8257353882593945,0.7967797958720735,,,,
classical_ext,svc,4,matern25_med_x0.3__svc__d4,matern25_med_x0.3,ood_test,1.0,0.07291316986083984,0.748,0.7513395060985154,0.7479505983172702,0.7514792899408284,0.8165669311564102,0.7498394816665326,,,,
classical_ext,gpc,4,matern25_med_x0.3__gpc__d4,matern25_med_x0.3,id_test,,5.899035453796387,0.757,0.7568257473913322,0.7568713849626452,0.7624633431085044,0.8204500352090136,0.7789979215993091,0.525198730692637,0.17278065560114023,0.06497487515277298,0.5561246726891211
classical_ext,gpc,4,matern25_med_x0.3__gpc__d4,matern25_med_x0.3,ood_test,,5.899035453796387,0.758,0.761024085022014,0.7579845110087046,0.7599206349206349,0.8298114858383603,0.8120245863455222,0.5192836485230503,0.1726524669849533,0.06623592072074949,0.5373945599979395
classical_ext,svc,4,matern25_med_x3__svc__d4,matern25_med_x3,id_test,1.0,0.09731841087341309,0.683,0.682230651046668,0.6818926683786259,0.7006610009442871,0.7371006977786313,0.698909385042106,,,,
classical_ext,svc,4,matern25_med_x3__svc__d4,matern25_med_x3,ood_test,1.0,0.09731841087341309,0.644,0.6485015592453012,0.6434294871794872,0.6576923076923077,0.736405267319262,0.6680573786658479,,,,
classical_ext,gpc,4,matern25_med_x3__gpc__d4,matern25_med_x3,id_test,,3.76169753074646,0.678,0.6775014403687344,0.6774309882632965,0.690978886756238,0.7439584533640611,0.7078913692301794,0.6079909868727812,0.20940535219092227,0.07516338853067457,0.6134267809617434
classical_ext,gpc,4,matern25_med_x3__gpc__d4,matern25_med_x3,ood_test,,3.76169753074646,0.655,0.6584329685060544,0.6548477878744526,0.6620959843290891,0.7367544419426951,0.6793956469922664,0.6109077390482955,0.21101310562183204,0.10670141655443818,0.623114358314646
classical_ext,svc,4,matern25_med_x10__svc__d4,matern25_med_x10,id_test,1.0,0.0732114315032959,0.683,0.682230651046668,0.6818926683786259,0.7006610009442871,0.7359363997183279,0.6965090611372964,,,,
classical_ext,svc,4,matern25_med_x10__svc__d4,matern25_med_x10,ood_test,1.0,0.0732114315032959,0.648,0.6521658860406407,0.6475926170653274,0.6595744680851063,0.7143671310287808,0.6688077189595039,,,,
classical_ext,gpc,4,matern25_med_x10__gpc__d4,matern25_med_x10,id_test,,4.01832389831543,0.687,0.6863276998911721,0.6861183063224598,0.7027540360873694,0.7437704052237373,0.7036447682729856,0.6165674044412542,0.21297083972519995,0.06720794958500977,0.6547437859270787
classical_ext,gpc,4,matern25_med_x10__gpc__d4,matern25_med_x10,ood_test,,4.01832389831543,0.656,0.6596109311724642,0.6558017418032787,0.6640625,0.7056498059472064,0.6711700266983863,0.6364082896931931,0.22244785362852934,0.07687657741213327,0.6523650548020202
classical_ext,svc,6,laplacian_med_x0.1__svc__d6,laplacian_med_x0.1,id_test,1.0,0.06966161727905273,0.791,0.7908664618142245,0.7909077903355379,0.7952987267384917,0.872951475577748,0.8516223873764224,,,,
classical_ext,svc,6,laplacian_med_x0.1__svc__d6,laplacian_med_x0.1,ood_test,1.0,0.06966161727905273,0.758,0.7581142964934038,0.757572357638875,0.7473903966597077,0.8392432141724762,0.814297729399089,,,,
classical_ext,gpc,6,laplacian_med_x0.1__gpc__d6,laplacian_med_x0.1,id_test,,5.047616004943848,0.781,0.7807998847705013,0.7808630393996248,0.7863414634146342,0.8582517124383842,0.8128315852476447,0.483026925473929,0.1550298394215559,0.0682801522368589,0.5502863507839131
classical_ext,gpc,6,laplacian_med_x0.1__gpc__d6,laplacian_med_x0.1,ood_test,,5.047616004943848,0.751,0.7533603040628676,0.7509977589798308,0.7502507522567703,0.8343868774557612,0.8399358076935087,0.514355811218257,0.17245110873055727,0.0879799493583779,0.5507960716304335
classical_ext,svc,6,laplacian_med_x0.3__svc__d6,laplacian_med_x0.3,id_test,1.0,0.06283426284790039,0.781,0.7804477946354267,0.7805151579839866,0.7908309455587392,0.8641812303949811,0.8570584576532773,,,,
classical_ext,svc,6,laplacian_med_x0.3__svc__d6,laplacian_med_x0.3,ood_test,1.0,0.06283426284790039,0.749,0.7520519026003476,0.7489796673530555,0.7512388503468781,0.8358879269863823,0.8044458995246324,,,,
classical_ext,gpc,6,laplacian_med_x0.3__gpc__d6,laplacian_med_x0.3,id_test,,4.677938461303711,0.782,0.7817521285449075,0.7818289538998575,0.7879377431906615,0.8435679533960694,0.80799922711306,0.500028683813555,0.16234513589735883,0.0659610339103654,0.5545546935114458
classical_ext,gpc,6,laplacian_med_x0.3__gpc__d6,laplacian_med_x0.3,ood_test,,4.677938461303711,0.753,0.7549014886076763,0.7529701093832354,0.750252780586451,0.8317660610293026,0.8333080788986291,0.5150884330815236,0.17206764434881755,0.07691322444595201,0.5436291277445702
classical_ext,svc,6,laplacian_med_x3__svc__d6,laplacian_med_x3,id_test,1.0,0.05762362480163574,0.732,0.7323154727610268,0.7319828469022017,0.7298387096774194,0.8021213430638243,0.7909215697509319,,,,
classical_ext,svc,6,laplacian_med_x3__svc__d6,laplacian_med_x3,ood_test,1.0,0.05762362480163574,0.72,0.7219646892145177,0.7199820788530467,0.717741935483871,0.8022668256013228,0.7515766718857578,,,,
classical_ext,gpc,6,laplacian_med_x3__gpc__d6,laplacian_med_x3,id_test,,4.744194269180298,0.722,0.721896805582229,0.7219098988072135,0.7269155206286837,0.7845768516740286,0.7514307191734575,0.5631690411926098,0.1899507288996312,0.06399502267005397,0.5937331690461901
classical_ext,gpc,6,laplacian_med_x3__gpc__d6,laplacian_med_x3,ood_test,,4.744194269180298,0.73,0.7326967920083161,0.7299956799308789,0.7310756972111554,0.8011229776969725,0.7776046997005037,0.5561435629151269,0.18697165498078597,0.08084174090265014,0.595270932318097
classical_ext,svc,6,laplacian_med_x10__svc__d6,laplacian_med_x10,id_test,1.0,0.054231882095336914,0.688,0.6873119518596761,0.6870875472878915,0.7039848197343453,0.7862092695730107,0.7532949108054219,,,,
classical_ext,svc,6,laplacian_med_x10__svc__d6,laplacian_med_x10,ood_test,1.0,0.054231882095336914,0.695,0.7007794219755257,0.6939345862948925,0.7119924457034938,0.790976846110315,0.7216339393312298,,,,
classical_ext,gpc,6,laplacian_med_x10__gpc__d6,laplacian_med_x10,id_test,,4.516846179962158,0.691,0.690360732347481,0.690194195101459,0.7059942911512845,0.7629913257793995,0.7263152813200892,0.5866889486880634,0.2002345305083003,0.08146059030583978,0.6148793612193806
classical_ext,gpc,6,laplacian_med_x10__gpc__d6,laplacian_med_x10,ood_test,,4.516846179962158,0.705,0.7099984347344467,0.7044014128610436,0.7177033492822966,0.7721093759406644,0.7345576276075965,0.582681010570386,0.19791209216263786,0.09616145304470286,0.6247184009456141
classical_ext,svc,6,matern15_med_x0.1__svc__d6,matern15_med_x0.1,id_test,1.0,0.05151033401489258,0.791,0.7905143716791498,0.7906128431469788,0.7996164908916586,0.8668179053837783,0.8548231418835995,,,,
classical_ext,svc,6,matern15_med_x0.1__svc__d6,matern15_med_x0.1,ood_test,1.0,0.05151033401489258,0.747,0.7488812364795171,0.7469693832953788,0.7441860465116279,0.8243531239088293,0.7975817457803258,,,,
classical_ext,gpc,6,matern15_med_x0.1__gpc__d6,matern15_med_x0.1,id_test,,5.078136205673218,0.785,0.7847048844504193,0.7847931862519881,0.7914645974781765,0.8512259138339413,0.8019319634247868,0.48827524375035536,0.15682538223283063,0.07611808464008787,0.5387014470378018
classical_ext,gpc,6,matern15_med_x0.1__gpc__d6,matern15_med_x0.1,ood_test,,5.078136205673218,0.733,0.7363470715486898,0.732939911480083,0.7369458128078817,0.8271786289076454,0.8269498165678522,0.521470599160127,0.17494282163467034,0.09116324949890804,0.542021475095644
classical_ext,svc,6,matern15_med_x0.3__svc__d6,matern15_med_x0.3,id_test,1.0,0.06811666488647461,0.772,0.7716215351129889,0.7717041285506016,0.7799227799227799,0.8354658792650917,0.8143971102132347,,,,
classical_ext,svc,6,matern15_med_x0.3__svc__d6,matern15_med_x0.3,ood_test,1.0,0.06811666488647461,0.734,0.7368266849682332,0.7339904236552516,0.73558648111332,0.8195248817020457,0.7820166180092478,,,,
classical_ext,gpc,6,matern15_med_x0.3__gpc__d6,matern15_med_x0.3,id_test,,4.803642511367798,0.758,0.7577459829716406,0.7578101231365391,0.7645914396887159,0.825555342167595,0.7873403500759397,0.5195961763503903,0.17071593899598006,0.06787730465607789,0.5583952338896747
classical_ext,gpc,6,matern15_med_x0.3__gpc__d6,matern15_med_x0.3,ood_test,,4.803642511367798,0.744,0.7463948723505873,0.743998975995904,0.7434869739478958,0.826034781003295,0.8161006741166955,0.5225253275219377,0.17463579198160506,0.07919635148661042,0.5443312185299045
classical_ext,svc,6,matern15_med_x3__svc__d6,matern15_med_x3,id_test,1.0,0.06551861763000488,0.685,0.6842631713718712,0.6839732290210896,0.7019867549668874,0.7576859676077076,0.7232981658081735,,,,
classical_ext,svc,6,matern15_med_x3__svc__d6,matern15_med_x3,ood_test,1.0,0.06551861763000488,0.689,0.6953411275530886,0.6875122458022647,0.7090739008419084,0.7884724212250009,0.7183468256275496,,,,
classical_ext,gpc,6,matern15_med_x3__gpc__d6,matern15_med_x3,id_test,,3.862154722213745,0.685,0.6842631713718712,0.6839732290210896,0.7019867549668874,0.7489677357403495,0.7129023440503408,0.6018198736746172,0.20715722245692922,0.06623428276650695,0.6115592696294291
classical_ext,gpc,6,matern15_med_x3__gpc__d6,matern15_med_x3,ood_test,,3.862154722213745,0.692,0.6980602747643072,0.6907332433648223,0.7105263157894737,0.7550680489165552,0.6983507779140254,0.5956156752595445,0.20405133141233614,0.09561191895689772,0.6202098035008325
classical_ext,svc,6,matern15_med_x10__svc__d6,matern15_med_x10,id_test,1.0,0.07754158973693848,0.683,0.682230651046668,0.6818926683786259,0.7006610009442871,0.7349001344344153,0.6956566778302042,,,,
classical_ext,svc,6,matern15_med_x10__svc__d6,matern15_med_x10,ood_test,1.0,0.07754158973693848,0.648,0.6521658860406407,0.6475926170653274,0.6595744680851063,0.7274150241412111,0.6712221679820315,,,,
classical_ext,gpc,6,matern15_med_x10__gpc__d6,matern15_med_x10,id_test,,3.525655746459961,0.685,0.6842631713718712,0.6839732290210896,0.7019867549668874,0.7429341911529352,0.704141983661789,0.6152303957782588,0.2124302688307539,0.06833464596983994,0.6520574332220922
classical_ext,gpc,6,matern15_med_x10__gpc__d6,matern15_med_x10,ood_test,,3.525655746459961,0.654,0.6576041804630778,0.6538005891393442,0.662109375,0.7090813496602572,0.6708278637711549,0.6321141548365689,0.22053049594101892,0.08749400367085267,0.6519976246696499
classical_ext,svc,6,matern25_med_x0.1__svc__d6,matern25_med_x0.1,id_test,1.0,0.06894516944885254,0.791,0.7904823634850522,0.7905759162303665,0.8,0.8623287561615773,0.8471528664098283,,,,
classical_ext,svc,6,matern25_med_x0.1__svc__d6,matern25_med_x0.1,ood_test,1.0,0.06894516944885254,0.743,0.7451005181430332,0.7429874063829127,0.7411883182275931,0.8184653173274897,0.7924777406217938,,,,
classical_ext,gpc,6,matern25_med_x0.1__gpc__d6,matern25_med_x0.1,id_test,,4.640449523925781,0.788,0.7877216567441265,0.7878090281253127,0.7941747572815534,0.848753280839895,0.7999102970925348,0.4914687499747457,0.15801882122744923,0.07515666732946619,0.5376918796151199
classical_ext,gpc,6,matern25_med_x0.1__gpc__d6,matern25_med_x0.1,ood_test,,4.640449523925781,0.73,0.7332787497140381,0.7299470696256466,0.7337278106508875,0.8255571743344612,0.82518519146045,0.52399144753173,0.17585868089296647,0.08544237270019898,0.540748613073972
classical_ext,svc,6,matern25_med_x0.3__svc__d6,matern25_med_x0.3,id_test,1.0,0.07814359664916992,0.761,0.7607947634594456,0.7608505315822389,0.7668292682926829,0.8286441328980219,0.8168693389344878,,,,
classical_ext,svc,6,matern25_med_x0.3__svc__d6,matern25_med_x0.3,ood_test,1.0,0.07814359664916992,0.744,0.7463948723505873,0.743998975995904,0.7434869739478958,0.8199984748694609,0.7759742879032867,,,,
classical_ext,gpc,6,matern25_med_x0.3__gpc__d6,matern25_med_x0.3,id_test,,5.476388216018677,0.754,0.7538089750976249,0.7538582223360656,0.759765625,0.8185335445874143,0.7815539017887589,0.5268731742439658,0.1740464988263746,0.058450095806113656,0.5635452947819592
classical_ext,gpc,6,matern25_med_x0.3__gpc__d6,matern25_med_x0.3,ood_test,,5.476388216018677,0.747,0.7493468026440948,0.7469977229795068,0.7462387161484454,0.8250354191500207,0.8138067717905392,0.5245466548539356,0.17539171564235387,0.07523050135029385,0.54721964178142
classical_ext,svc,6,matern25_med_x3__svc__d6,matern25_med_x3,id_test,1.0,0.11216473579406738,0.672,0.6716919531400039,0.6717045340806727,0.6815533980582524,0.7458109275974649,0.7079372488519604,,,,
classical_ext,svc,6,matern25_med_x3__svc__d6,matern25_med_x3,ood_test,1.0,0.11216473579406738,0.699,0.7045601403120096,0.6980867123047219,0.7146919431279621,0.7506853053672555,0.6771949420158392,,,,
classical_ext,gpc,6,matern25_med_x3__gpc__d6,matern25_med_x3,id_test,,4.419022560119629,0.685,0.6842631713718712,0.6839732290210896,0.7019867549668874,0.7429822034440816,0.7070908984542419,0.606986185468852,0.20925894002531145,0.042884201374803164,0.6160872728967007
classical_ext,gpc,6,matern25_med_x3__gpc__d6,matern25_med_x3,ood_test,,4.419022560119629,0.653,0.6568917839612456,0.6527079273669156,0.6627793974732751,0.7428389100935546,0.6846774863421501,0.6071098827245354,0.20938239646367857,0.07701205569959524,0.6255790085270431
classical_ext,svc,6,matern25_med_x10__svc__d6,matern25_med_x10,id_test,1.0,0.0737612247467041,0.687,0.6858795851738044,0.6849328443920563,0.7104532839962997,0.739065200691377,0.6993211370975492,,,,
classical_ext,svc,6,matern25_med_x10__svc__d6,matern25_med_x10,ood_test,1.0,0.0737612247467041,0.637,0.6423508683210319,0.6358985932445649,0.6559241706161137,0.7067655593416253,0.6681224011258651,,,,
classical_ext,gpc,6,matern25_med_x10__gpc__d6,matern25_med_x10,id_test,,4.136354684829712,0.685,0.6842631713718712,0.6839732290210896,0.7019867549668874,0.7413297804237885,0.7017300853615064,0.6212473471730541,0.21507667522593263,0.07860811041699513,0.6624197701200663
classical_ext,gpc,6,matern25_med_x10__gpc__d6,matern25_med_x10,ood_test,,4.136354684829712,0.654,0.6574877889219334,0.6538324549081755,0.6614481409001957,0.6982729903395021,0.6665351373890844,0.6405265307135657,0.2242435107605834,0.07312471213025055,0.6589618256845249
classical_ext,svc,8,laplacian_med_x0.1__svc__d8,laplacian_med_x0.1,id_test,1.0,0.0765984058380127,0.793,0.7927709493630369,0.7928489869114584,0.7984420642648491,0.869350553741758,0.8454625553097852,,,,
classical_ext,svc,8,laplacian_med_x0.1__svc__d8,laplacian_med_x0.1,ood_test,1.0,0.0765984058380127,0.767,0.7669700873739259,0.7665272176156717,0.7560209424083769,0.8415028154712452,0.8150704548742715,,,,
classical_ext,gpc,8,laplacian_med_x0.1__gpc__d8,laplacian_med_x0.1,id_test,,4.480849027633667,0.791,0.790706420843736,0.7907989577984442,0.7972841901066925,0.8547108059663273,0.8049468231847348,0.488056825642524,0.15697175372525357,0.09174620004287727,0.5539392426957463
classical_ext,gpc,8,laplacian_med_x0.1__gpc__d8,laplacian_med_x0.1,ood_test,,4.480849027633667,0.753,0.7547850970665319,0.7529582499442405,0.7497467071935157,0.8327975308939273,0.8381941422292558,0.5170949598846559,0.1734476668164694,0.09301596232065906,0.5559090786538304
classical_ext,svc,8,laplacian_med_x0.3__svc__d8,laplacian_med_x0.3,id_test,1.0,0.05552315711975098,0.788,0.7874335829972473,0.787510424016935,0.7977099236641222,0.8562592023558031,0.8369994211023676,,,,
classical_ext,svc,8,laplacian_med_x0.3__svc__d8,laplacian_med_x0.3,ood_test,1.0,0.05552315711975098,0.75,0.7521823413964577,0.7499909996759884,0.7484909456740443,0.8373368009985591,0.8080904881109614,,,,
classical_ext,gpc,8,laplacian_med_x0.3__gpc__d8,laplacian_med_x0.3,id_test,,5.553864002227783,0.776,0.7757505921515908,0.7758242462090279,0.7821011673151751,0.8390587990525574,0.8023388937598888,0.5057526139026689,0.16462330172365655,0.07299381040334235,0.5598096964849897
classical_ext,gpc,8,laplacian_med_x0.3__gpc__d8,laplacian_med_x0.3,ood_test,,5.553864002227783,0.758,0.7597437780694256,0.7579525587015055,0.7545638945233266,0.8326570583442702,0.834979638929495,0.515673907746258,0.17234617397657528,0.09063324986589051,0.5482239000231716
classical_ext,svc,8,laplacian_med_x3__svc__d8,laplacian_med_x3,id_test,1.0,0.08376216888427734,0.723,0.7231691312976122,0.722999722999723,0.7232767232767233,0.796319857883618,0.7844146142962158,,,,
classical_ext,svc,8,laplacian_med_x3__svc__d8,laplacian_med_x3,ood_test,1.0,0.08376216888427734,0.718,0.7203071131285645,0.717998871995488,0.717434869739479,0.8130109688993775,0.7645662708537162,,,,
classical_ext,gpc,8,laplacian_med_x3__gpc__d8,laplacian_med_x3,id_test,,5.26055383682251,0.714,0.7139907816400999,0.7139588100686498,0.717391304347826,0.7780031688112157,0.7425650639846619,0.5678100935371913,0.19215096852712737,0.05667283194386853,0.5979355238819024
classical_ext,gpc,8,laplacian_med_x3__gpc__d8,laplacian_med_x3,ood_test,,5.26055383682251,0.729,0.7310532631773285,0.7289867203492971,0.7270896273917422,0.8103620579629874,0.7981660281599936,0.5448288096672038,0.18275419983314797,0.07751129084259292,0.5879007032156708
classical_ext,svc,8,laplacian_med_x10__svc__d8,laplacian_med_x10,id_test,1.0,0.08466291427612305,0.685,0.6842631713718712,0.6839732290210896,0.7019867549668874,0.7823282760386658,0.7537892186773703,,,,
classical_ext,svc,8,laplacian_med_x10__svc__d8,laplacian_med_x10,ood_test,1.0,0.08466291427612305,0.693,0.6992382374307169,0.6916156627099048,0.7122774133083412,0.8043016708206405,0.737860583884278,,,,
classical_ext,gpc,8,laplacian_med_x10__gpc__d8,laplacian_med_x10,id_test,,3.9553468227386475,0.689,0.6883602202163754,0.6881889795357725,0.7040913415794482,0.7572658600601754,0.7159680442592878,0.5903614783951602,0.20206219508299156,0.07320922648498077,0.6192064518751619
classical_ext,gpc,8,laplacian_med_x10__gpc__d8,laplacian_med_x10,ood_test,,3.9553468227386475,0.702,0.7075120706055169,0.7011284906788194,0.7172675521821632,0.7990479974634672,0.784243431922452,0.5685215152333458,0.19185413160233714,0.08760692624522125,0.6189808911957427
classical_ext,svc,8,matern15_med_x0.1__svc__d8,matern15_med_x0.1,id_test,1.0,0.08423709869384766,0.794,0.7935311439728571,0.7936359738578853,0.8023032629558541,0.8630209333589399,0.8482275634553715,,,,
classical_ext,svc,8,matern15_med_x0.1__svc__d8,matern15_med_x0.1,ood_test,1.0,0.08423709869384766,0.751,0.7521963886514234,0.7508682092827106,0.7451381780962129,0.8271304668906201,0.8007939054895878,,,,
classical_ext,gpc,8,matern15_med_x0.1__gpc__d8,matern15_med_x0.1,id_test,,4.992240905761719,0.791,0.7906744126496383,0.7907721508723,0.797676669893514,0.8494534600857819,0.7939614222273637,0.4910264791701798,0.15797695245687846,0.08518140238367874,0.5406952502223487
classical_ext,gpc,8,matern15_med_x0.1__gpc__d8,matern15_med_x0.1,ood_test,,4.992240905761719,0.747,0.7499287603498168,0.7469876023925173,0.7487586891757696,0.8266970087373926,0.8261407016666417,0.5253576961584042,0.17632682356148124,0.08308675475575149,0.5481943368478558
classical_ext,svc,8,matern15_med_x0.3__svc__d8,matern15_med_x0.3,id_test,1.0,0.08270406723022461,0.757,0.7567937391972345,0.7568480300187617,0.7629268292682927,0.83133682222649,0.8115479782451268,,,,
classical_ext,svc,8,matern15_med_x0.3__svc__d8,matern15_med_x0.3,ood_test,1.0,0.08270406723022461,0.752,0.7534907428589777,0.7519196219575142,0.7474541751527495,0.8236989231775693,0.7787600758497464,,,,
classical_ext,gpc,8,matern15_med_x0.3__gpc__d8,matern15_med_x0.3,id_test,,4.794381380081177,0.757,0.7570177965559184,0.7569705934418065,0.7596439169139466,0.8215183086870239,0.7904976031519991,0.5248955451902713,0.17311442165877794,0.066219304001332,0.5635649379636875
classical_ext,gpc,8,matern15_med_x0.3__gpc__d8,matern15_med_x0.3,ood_test,,4.794381380081177,0.755,0.7566754562347737,0.7549448625940837,0.751269035532995,0.8247223660393564,0.8146096111386356,0.5253677493652141,0.17582083043675464,0.07579716536859822,0.5515261679093999
classical_ext,svc,8,matern15_med_x3__svc__d8,matern15_med_x3,id_test,1.0,0.07019519805908203,0.685,0.6842631713718712,0.6839732290210896,0.7019867549668874,0.7614909416810703,0.7281883120656276,,,,
classical_ext,svc,8,matern15_med_x3__svc__d8,matern15_med_x3,ood_test,1.0,0.07019519805908203,0.692,0.6989914070934624,0.6900161030595813,0.7148148148148148,0.7853178091098456,0.7201974137594462,,,,
classical_ext,gpc,8,matern15_med_x3__gpc__d8,matern15_med_x3,id_test,,3.6711816787719727,0.684,0.6832789194033673,0.6830059065228558,0.7007575757575758,0.7481035144997119,0.7130415784406724,0.5983129476449531,0.20613892298817807,0.06163139088305194,0.607862724410571
classical_ext,gpc,8,matern15_med_x3__gpc__d8,matern15_med_x3,ood_test,,3.6711816787719727,0.699,0.704676531853154,0.698018863286819,0.7152317880794702,0.7891908379789612,0.7635374131073689,0.5698351504295581,0.19369223755317422,0.09913599592991673,0.5998754989945091
classical_ext,svc,8,matern15_med_x10__svc__d8,matern15_med_x10,id_test,1.0,0.08370542526245117,0.679,0.6776534792906984,0.676076591235904,0.7068493150684931,0.7365045451635619,0.7017145077063143,,,,
classical_ext,svc,8,matern15_med_x10__svc__d8,matern15_med_x10,ood_test,1.0,0.08370542526245117,0.658,0.6676700420213599,0.6523033378879562,0.6968085106382979,0.7567497060110211,0.6936617591921896,,,,
classical_ext,gpc,8,matern15_med_x10__gpc__d8,matern15_med_x10,id_test,,4.437100172042847,0.686,0.6852794315344728,0.6850121982537236,0.7026515151515151,0.7324595096344665,0.6990138732480097,0.6166947773351243,0.2135146866636025,0.08793162062369363,0.6517681952560017
classical_ext,gpc,8,matern15_med_x10__gpc__d8,matern15_med_x10,ood_test,,4.437100172042847,0.692,0.6971291424351519,0.6912887292321509,0.7061068702290076,0.7648770463840359,0.7103479493034818,0.6019124786506422,0.20644352912294223,0.07900136261184733,0.6490469840573985
classical_ext,svc,8,matern25_med_x0.1__svc__d8,matern25_med_x0.1,id_test,1.0,0.0731210708618164,0.791,0.7905143716791498,0.7906128431469788,0.7996164908916586,0.858459765700019,0.840108569319037,,,,
classical_ext,svc,8,matern25_med_x0.1__svc__d8,matern25_med_x0.1,ood_test,1.0,0.0731210708618164,0.747,0.7484156703149395,0.7469086340168801,0.7420998980632009,0.8202152039460747,0.7931711765556662,,,,
classical_ext,gpc,8,matern25_med_x0.1__gpc__d8,matern25_med_x0.1,id_test,,5.21830153465271,0.789,0.788641892324435,0.7887412079797752,0.7961352657004831,0.8464126816465015,0.7913528188089415,0.49448487961245596,0.1593043286224607,0.07952183010983684,0.5398809460533661
classical_ext,gpc,8,matern25_med_x0.1__gpc__d8,matern25_med_x0.1,ood_test,,5.21830153465271,0.741,0.7441412913039465,0.740968657207522,0.7438180019782393,0.8237711662031072,0.8204117426979072,0.5278618106905644,0.17723328138395908,0.0777566099010142,0.5471155708554059
classical_ext,svc,8,matern25_med_x0.3__svc__d8,matern25_med_x0.3,id_test,1.0,0.08014464378356934,0.755,0.7547292106779335,0.7547937815703005,0.7619047619047619,0.8216303373663658,0.8032291834485241,,,,
classical_ext,svc,8,matern25_med_x0.3__svc__d8,matern25_med_x0.3,ood_test,1.0,0.08014464378356934,0.751,0.7527783463571455,0.7509579118871089,0.7477203647416414,0.8188867349764607,0.7717278833475784,,,,
classical_ext,gpc,8,matern25_med_x0.3__gpc__d8,matern25_med_x0.3,id_test,,4.805758714675903,0.741,0.7409176749247808,0.7409251273618076,0.7453294001966568,0.8132882017796557,0.7870298523147619,0.5335595309850478,0.17712489870439443,0.06811266452262313,0.5690733435191703
classical_ext,gpc,8,matern25_med_x0.3__gpc__d8,matern25_med_x0.3,ood_test,,4.805758714675903,0.752,0.7541890921058441,0.7519910716785805,0.7505030181086519,0.8227718043498329,0.8112832852292394,0.5282910250701411,0.17697668201038352,0.08002249849498515,0.5552660288834296
classical_ext,svc,8,matern25_med_x3__svc__d8,matern25_med_x3,id_test,1.0,0.07813262939453125,0.679,0.6776534792906984,0.676076591235904,0.7068493150684931,0.7508602202163753,0.710585526952625,,,,
classical_ext,svc,8,matern25_med_x3__svc__d8,matern25_med_x3,ood_test,1.0,0.07813262939453125,0.661,0.6707383638560116,0.6552632355019886,0.6997342781222321,0.7675179303175883,0.698370306355403,,,,
classical_ext,gpc,8,matern25_med_x3__gpc__d8,matern25_med_x3,id_test,,4.026658535003662,0.684,0.6833109275974649,0.6830758491761978,0.7001897533206831,0.7435583509378401,0.7074683791579539,0.6026701582723576,0.20799941792089702,0.052085966944380814,0.6112884488115049
classical_ext,gpc,8,matern25_med_x3__gpc__d8,matern25_med_x3,ood_test,,4.026658535003662,0.699,0.7045601403120096,0.6980867123047219,0.7146919431279621,0.7813324022010042,0.7503519194715527,0.5746174604898977,0.1955534339389548,0.06389449173627856,0.6043636582169389
classical_ext,svc,8,matern25_med_x10__svc__d8,matern25_med_x10,id_test,1.0,0.06022906303405762,0.681,0.6796859996159017,0.6782168979503728,0.7081427264409881,0.7290746431086358,0.6999143342225334,,,,
classical_ext,svc,8,matern25_med_x10__svc__d8,matern25_med_x10,ood_test,1.0,0.06022906303405762,0.665,0.6744026906513512,0.6598539301086133,0.7016918967052538,0.7549155358626419,0.6888340386105027,,,,
classical_ext,gpc,8,matern25_med_x10__gpc__d8,matern25_med_x10,id_test,,3.8672726154327393,0.687,0.6863276998911721,0.6861183063224598,0.7027540360873694,0.7301629217079573,0.6965987213640538,0.6242298122491063,0.2167558481680767,0.07879989431837574,0.663251589458476
classical_ext,gpc,8,matern25_med_x10__gpc__d8,matern25_med_x10,ood_test,,3.8672726154327393,0.689,0.6938280375182113,0.6884238957833033,0.7018216682646213,0.749280579870685,0.6949564048528556,0.613387410055366,0.21163618108575447,0.09928939661455001,0.659811977693927
classical_ext,svc,10,laplacian_med_x0.1__svc__d10,laplacian_med_x0.1,id_test,1.0,0.07901716232299805,0.792,0.7921387875296075,0.791996671946751,0.7928286852589641,0.8706668907240254,0.8444669047650771,,,,
classical_ext,svc,10,laplacian_med_x0.1__svc__d10,laplacian_med_x0.1,ood_test,1.0,0.07901716232299805,0.767,0.7663881296682038,0.7662930364352165,0.7534391534391535,0.8365943032360862,0.8082666701889271,,,,
classical_ext,gpc,10,laplacian_med_x0.1__gpc__d10,laplacian_med_x0.1,id_test,,5.14739465713501,0.8,0.7998207541130529,0.7998847336065573,0.8046875,0.8628969016068113,0.8117430908918979,0.4770574537298506,0.15227912652319134,0.08857113045802188,0.5518655230261431
classical_ext,gpc,10,laplacian_med_x0.1__gpc__d10,laplacian_med_x0.1,ood_test,,5.14739465713501,0.759,0.7615036984415574,0.758999758999759,0.7587587587587588,0.8371441529304582,0.8451095872844747,0.5164039920710718,0.17330152662751533,0.09879413356392454,0.5573245593762022
classical_ext,svc,10,laplacian_med_x0.3__svc__d10,laplacian_med_x0.3,id_test,1.0,0.05109000205993652,0.795,0.7943873631649703,0.7944654045171491,0.8049476688867745,0.8651454772421739,0.8474352300675383,,,,
classical_ext,svc,10,laplacian_med_x0.3__svc__d10,laplacian_med_x0.3,ood_test,1.0,0.05109000205993652,0.755,0.7576065885639292,0.7549997549997549,0.7552447552447552,0.8347761870933822,0.7950043627029817,,,,
classical_ext,gpc,10,laplacian_med_x0.3__gpc__d10,laplacian_med_x0.3,id_test,,5.510220527648926,0.791,0.7906744126496383,0.7907721508723,0.797676669893514,0.8547028039178028,0.8107133560504522,0.4832615881265991,0.15496451566655395,0.07800990274592853,0.5417355210280614
classical_ext,gpc,10,laplacian_med_x0.3__gpc__d10,laplacian_med_x0.3,ood_test,,5.510220527648926,0.75,0.7529970821844686,0.7499839989759345,0.751984126984127,0.8375575435765916,0.8414373145476362,0.5112970995049663,0.1707165186535729,0.09537431127343476,0.5390006331979283
classical_ext,svc,10,laplacian_med_x3__svc__d10,laplacian_med_x3,id_test,1.0,0.058300018310546875,0.765,0.7647957877216567,0.7648530331457161,0.7707317073170732,0.8382385890788041,0.8110321775269621,,,,
classical_ext,svc,10,laplacian_med_x3__svc__d10,laplacian_med_x3,ood_test,1.0,0.058300018310546875,0.736,0.7398809595479192,0.7358478483606558,0.7421875,0.8089372649593233,0.7355161054270738,,,,
classical_ext,gpc,10,laplacian_med_x3__gpc__d10,laplacian_med_x3,id_test,,5.212545871734619,0.751,0.7509522437744063,0.7509439623915382,0.7546798029556651,0.8235948402791115,0.7771340259038582,0.5262685630380718,0.17358520006207154,0.08429638379568286,0.5797842555754354
classical_ext,gpc,10,laplacian_med_x3__gpc__d10,laplacian_med_x3,ood_test,,5.212545871734619,0.732,0.735751066588002,0.7318702251889915,0.7377690802348337,0.8206245810907894,0.804352399262125,0.532678658486247,0.17756824780228933,0.07839512077247605,0.5694374131972061
classical_ext,svc,10,laplacian_med_x10__svc__d10,laplacian_med_x10,id_test,1.0,0.05495929718017578,0.724,0.7239293259074323,0.7239293259074323,0.7283464566929134,0.8072826643620767,0.7824737190439618,,,,
classical_ext,svc,10,laplacian_med_x10__svc__d10,laplacian_med_x10,ood_test,1.0,0.05495929718017578,0.726,0.7287996821306877,0.7259901356448832,0.7276341948310139,0.8032782279588536,0.723558230955732,,,,
classical_ext,gpc,10,laplacian_med_x10__gpc__d10,laplacian_med_x10,id_test,,3.7586047649383545,0.72,0.7201203508098073,0.7199955199283188,0.7211155378486056,0.7928509698482811,0.7430750014606287,0.5595749462882909,0.18799534865706272,0.09119904566402508,0.6144594247278189
classical_ext,gpc,10,laplacian_med_x10__gpc__d10,laplacian_med_x10,ood_test,,3.7586047649383545,0.731,0.7338747546747257,0.7309868183540993,0.7328699106256207,0.8077292010322725,0.7787203642423354,0.55552588891443,0.18605341479368417,0.07982081446296721,0.6104202077884185
classical_ext,svc,10,matern15_med_x0.1__svc__d10,matern15_med_x0.1,id_test,1.0,0.056977272033691406,0.798,0.7978842583701428,0.7979191676670668,0.8019607843137255,0.8685023365981692,0.8434229964588109,,,,
classical_ext,svc,10,matern15_med_x0.1__svc__d10,matern15_med_x0.1,ood_test,1.0,0.056977272033691406,0.751,0.7518472140279902,0.7507904147387954,0.7435633367662204,0.8208292696631467,0.786616239490792,,,,
classical_ext,gpc,10,matern15_med_x0.1__gpc__d10,matern15_med_x0.1,id_test,,4.996688604354858,0.8,0.7998207541130529,0.7998847336065573,0.8046875,0.8618086230074898,0.8116327393336927,0.473920613796152,0.15097912009206557,0.0803216513422439,0.5377991290001758
classical_ext,gpc,10,matern15_med_x0.1__gpc__d10,matern15_med_x0.1,ood_test,,4.996688604354858,0.742,0.745202862429212,0.7419628426493415,0.7450592885375494,0.8267893192700244,0.8314230465811793,0.5258729410349602,0.17705154679693533,0.10523108708919333,0.5496332620073846
classical_ext,svc,10,matern15_med_x0.3__svc__d10,matern15_med_x0.3,id_test,1.0,0.06345558166503906,0.792,0.7914025990653607,0.7914786967418546,0.8019047619047619,0.8590639203636132,0.840939419272484,,,,
classical_ext,svc,10,matern15_med_x0.3__svc__d10,matern15_med_x0.3,ood_test,1.0,0.06345558166503906,0.753,0.7562981871014092,0.7529582499442405,0.7561697926949654,0.8239798682768834,0.800659949934148,,,,
classical_ext,gpc,10,matern15_med_x0.3__gpc__d10,matern15_med_x0.3,id_test,,4.824226379394531,0.794,0.7936591767492478,0.7937615883961859,0.8007736943907157,0.8463366621855195,0.8099252167937327,0.49087339635795835,0.15836416191036992,0.06646491328073763,0.535090527459265
classical_ext,gpc,10,matern15_med_x0.3__gpc__d10,matern15_med_x0.3,ood_test,,4.824226379394531,0.745,0.7486203588872968,0.7449079117561439,0.7497546614327772,0.8297312158099848,0.8206830044703907,0.5208556087425338,0.17413390276450913,0.06722726967365829,0.5339562579322766
classical_ext,svc,10,matern15_med_x3__svc__d10,matern15_med_x3,id_test,1.0,0.06888985633850098,0.713,0.7125584149542283,0.7125628080310151,0.7237728585178056,0.7857811599769541,0.7527229054508335,,,,
classical_ext,svc,10,matern15_med_x3__svc__d10,matern15_med_x3,ood_test,1.0,0.06888985633850098,0.721,0.7251213080803824,0.7207651635025056,0.7288629737609329,0.7903507398889865,0.7107626277197516,,,,
classical_ext,gpc,10,matern15_med_x3__gpc__d10,matern15_med_x3,id_test,,3.46923565864563,0.727,0.7268500736188465,0.7268795538832625,0.732615083251714,0.7719136098841304,0.7291150934257207,0.5711699780155602,0.1938650576748213,0.0654670334112735,0.601469267964465
classical_ext,gpc,10,matern15_med_x3__gpc__d10,matern15_med_x3,ood_test,,3.46923565864563,0.727,0.7293956870913754,0.726999726999727,0.7267267267267268,0.7990118759506981,0.7629630580558968,0.5545812505063487,0.18634814756590806,0.062257157755594685,0.5898912862915473
classical_ext,svc,10,matern15_med_x10__svc__d10,matern15_med_x10,id_test,1.0,0.07872581481933594,0.686,0.6848313168171052,0.6837686717478528,0.7103321033210332,0.7504241085717944,0.7118301120989315,,,,
classical_ext,svc,10,matern15_med_x10__svc__d10,matern15_med_x10,ood_test,1.0,0.07872581481933594,0.677,0.6858612372019474,0.6728222675341435,0.7097933513027853,0.7826247496578491,0.7231182411627072,,,,
classical_ext,gpc,10,matern15_med_x10__gpc__d10,matern15_med_x10,id_test,,4.487731695175171,0.662,0.6616573842903783,0.6616535332180152,0.6724806201550387,0.7342719736252481,0.6746621312395027,0.6131698008207674,0.2117484438959133,0.09327608622027722,0.6550298367414378
classical_ext,gpc,10,matern15_med_x10__gpc__d10,matern15_med_x10,ood_test,,4.487731695175171,0.677,0.681787533261893,0.6764016666816944,0.6903163950143816,0.7675741193374512,0.7013294404485977,0.6002882794959356,0.2055359987624563,0.09965782804762839,0.6517304742000307
classical_ext,svc,10,matern25_med_x0.1__svc__d10,matern25_med_x0.1,id_test,1.0,0.08657598495483398,0.794,0.7937872095256386,0.7938606497992643,0.7992202729044834,0.866661865437552,0.84047583375092,,,,
classical_ext,svc,10,matern25_med_x0.1__svc__d10,matern25_med_x0.1,ood_test,1.0,0.08657598495483398,0.755,0.7562098900701961,0.754870326402667,0.7492323439099283,0.8193001256225944,0.7847521124416338,,,,
classical_ext,gpc,10,matern25_med_x0.1__gpc__d10,matern25_med_x0.1,id_test,,5.781945705413818,0.797,0.7967079572370527,0.7968047293449004,0.8031037827352085,0.860256225593752,0.8138485816366791,0.47559624792198135,0.15156048008848813,0.07611537239767217,0.5352536338304429
classical_ext,gpc,10,matern25_med_x0.1__gpc__d10,matern25_med_x0.1,ood_test,,5.781945705413818,0.741,0.7441412913039465,0.740968657207522,0.7438180019782393,0.8252160267138654,0.8294238309264256,0.5283049379631137,0.178024367222845,0.0981621088039684,0.5478387273060766
classical_ext,svc,10,matern25_med_x0.3__svc__d10,matern25_med_x0.3,id_test,1.0,0.07117509841918945,0.793,0.7925789001984508,0.7926846733882235,0.8007699711260827,0.8504537161513348,0.8298641296966496,,,,
classical_ext,svc,10,matern25_med_x0.3__svc__d10,matern25_med_x0.3,ood_test,1.0,0.07117509841918945,0.753,0.7564145786425536,0.7529444124928109,0.7566502463054188,0.8177228195650168,0.7741287653968241,,,,
classical_ext,gpc,10,matern25_med_x0.3__gpc__d10,matern25_med_x0.3,id_test,,4.816622018814087,0.79,0.7895621279047436,0.7896634615384616,0.7980769230769231,0.8433238909160746,0.8138574834281316,0.4945240701406303,0.15999883112451563,0.053245837955700905,0.5363826031961562
classical_ext,gpc,10,matern25_med_x0.3__gpc__d10,matern25_med_x0.3,ood_test,,4.816622018814087,0.742,0.7459012116760784,0.741851306352459,0.748046875,0.8282662877921327,0.8173754934725571,0.5231974587537159,0.17501672290963632,0.071008038763895,0.5340057968341919
classical_ext,svc,10,matern25_med_x3__svc__d10,matern25_med_x3,id_test,1.0,0.05997896194458008,0.694,0.6930254145061135,0.6924054297478126,0.7145522388059702,0.7756665706420846,0.7436230878642976,,,,
classical_ext,svc,10,matern25_med_x3__svc__d10,matern25_med_x3,ood_test,1.0,0.05997896194458008,0.684,0.6925938858319387,0.6802706771786113,0.7148014440433214,0.7848642834495242,0.6987509851366758,,,,
classical_ext,gpc,10,matern25_med_x3__gpc__d10,matern25_med_x3,id_test,,4.439047336578369,0.68,0.6800460917995007,0.6799795186891961,0.6825396825396826,0.7598425196850395,0.715327301307138,0.5812697321896854,0.19851068828031992,0.08193857615272879,0.6070426674537388
classical_ext,gpc,10,matern25_med_x3__gpc__d10,matern25_med_x3,ood_test,,4.439047336578369,0.717,0.7213405897438985,0.7166914770184731,0.7260406582768635,0.7960900469178315,0.7501756149989008,0.5607361933113918,0.18881464045024432,0.07596954541596279,0.5974542593508154
classical_ext,svc,10,matern25_med_x10__svc__d10,matern25_med_x10,id_test,1.0,0.07558846473693848,0.693,0.6918171051789258,0.6907657827805898,0.7170506912442396,0.7419419371359067,0.7018759410276896,,,,
classical_ext,svc,10,matern25_med_x10__svc__d10,matern25_med_x10,ood_test,1.0,0.07558846473693848,0.678,0.6865736337037796,0.674199867251623,0.7093862815884476,0.7782460196099681,0.7204278681686364,,,,
classical_ext,gpc,10,matern25_med_x10__gpc__d10,matern25_med_x10,id_test,,2.9820680618286133,0.66,0.6596888803533705,0.6596937243519168,0.6699029126213593,0.7284384802509443,0.6690248624044532,0.6238589119009554,0.21644896947284661,0.10887878838104897,0.6667544349736604
classical_ext,gpc,10,matern25_med_x10__gpc__d10,matern25_med_x10,ood_test,,2.9820680618286133,0.675,0.6800135656347954,0.6742804855926743,0.6895893027698186,0.7582066070260356,0.6938367067320925,0.6137191296914769,0.21165992964199035,0.08835817557716291,0.6630801365654918
classical_ext,svc,12,laplacian_med_x0.1__svc__d12,laplacian_med_x0.1,id_test,1.0,0.09940314292907715,0.797,0.7973801293131042,0.7969754340275174,0.7947421638018201,0.8731395237180718,0.8423960329419014,,,,
classical_ext,svc,12,laplacian_med_x0.1__svc__d12,laplacian_med_x0.1,ood_test,1.0,0.09940314292907715,0.768,0.7662857853820251,0.7667225728087004,0.7494600431965442,0.8397850368640106,0.8220744049530834,,,,
classical_ext,gpc,12,laplacian_med_x0.1__gpc__d12,laplacian_med_x0.1,id_test,,5.261590242385864,0.805,0.8048380385378657,0.8048967904021227,0.8093841642228738,0.8633970296395879,0.808693025852739,0.47977135604688426,0.15320662874165375,0.08739899856799646,0.556943613098965
classical_ext,gpc,12,laplacian_med_x0.1__gpc__d12,laplacian_med_x0.1,ood_test,,5.261590242385864,0.768,0.7698939231575019,0.7679665871885551,0.7651821862348178,0.8380512042511007,0.8454401745879082,0.5186856577823289,0.1742770566822793,0.09736673564091138,0.5632047952560834
classical_ext,svc,12,laplacian_med_x0.3__svc__d12,laplacian_med_x0.3,id_test,1.0,0.06653308868408203,0.793,0.7924828756161577,0.7925799744482578,0.8019138755980861,0.8661897445746112,0.8394683167138353,,,,
classical_ext,svc,12,laplacian_med_x0.3__svc__d12,laplacian_med_x0.3,ood_test,1.0,0.06653308868408203,0.765,0.7671747759462832,0.7649884844357373,0.7633434038267876,0.8394398757419961,0.8097724934482948,,,,
classical_ext,gpc,12,laplacian_med_x0.3__gpc__d12,laplacian_med_x0.3,id_test,,5.297049522399902,0.793,0.7927389411689392,0.7928257664696009,0.7988338192419825,0.8554309903335254,0.8094073762123611,0.48283802376587603,0.15471056710202313,0.08426854418169961,0.5438129765688754
classical_ext,gpc,12,laplacian_med_x0.3__gpc__d12,laplacian_med_x0.3,ood_test,,5.297049522399902,0.75,0.7527642991021797,0.749995999935999,0.750996015936255,0.8379027046986061,0.8422511240837777,0.5104459424316766,0.17033168988766187,0.09568734493036889,0.5439042570831043
classical_ext,svc,12,laplacian_med_x3__svc__d12,laplacian_med_x3,id_test,1.0,0.07098793983459473,0.762,0.7617470072338519,0.7618132615970921,0.7684824902723736,0.8402511042826963,0.8149945673209084,,,,
classical_ext,svc,12,laplacian_med_x3__svc__d12,laplacian_med_x3,ood_test,1.0,0.07098793983459473,0.739,0.7431820644648598,0.7387803142442795,0.7463556851311953,0.8140504657668395,0.7554632471123586,,,,
classical_ext,gpc,12,laplacian_med_x3__gpc__d12,laplacian_med_x3,id_test,,5.231379508972168,0.751,0.7508562191921131,0.7508901425528658,0.7561214495592556,0.825859420011523,0.782047745114913,0.5232738893626142,0.17242810483852594,0.08400713395926976,0.5784757141724122
classical_ext,gpc,12,laplacian_med_x3__gpc__d12,laplacian_med_x3,ood_test,,5.231379508972168,0.733,0.736696246172123,0.7328822010506634,0.7384916748285995,0.822522967261869,0.806747269724988,0.5303772634055006,0.17657958827928041,0.07418662349255939,0.5696798773884607
classical_ext,svc,12,laplacian_med_x10__svc__d12,laplacian_med_x10,id_test,1.0,0.06163430213928223,0.724,0.7239293259074323,0.7239293259074323,0.7283464566929134,0.8099753536905447,0.7860693630743287,,,,
classical_ext,svc,12,laplacian_med_x10__svc__d12,laplacian_med_x10,ood_test,1.0,0.06163430213928223,0.727,0.7296284701736642,0.7269975429778868,0.7278165503489531,0.8075526069698467,0.7397216092335852,,,,
classical_ext,gpc,12,laplacian_med_x10__gpc__d12,laplacian_med_x10,id_test,,4.2490057945251465,0.719,0.7192321234235964,0.7189974709772389,0.7181544633901705,0.7967399654311503,0.7474634793354737,0.5574631821279433,0.18697415629715908,0.0903200778567697,0.6147569276629097
classical_ext,gpc,12,laplacian_med_x10__gpc__d12,laplacian_med_x10,ood_test,,4.2490057945251465,0.737,0.7397786152617405,0.7369934248356209,0.7383084577114428,0.8097640462515905,0.7812586246714572,0.5539246515283776,0.18524253114271436,0.0758418362677015,0.6110289943647762
classical_ext,svc,12,matern15_med_x0.1__svc__d12,matern15_med_x0.1,id_test,1.0,0.06606388092041016,0.793,0.7931550476922092,0.7929981369832328,0.7936191425722832,0.8694305742270021,0.8421843942687104,,,,
classical_ext,svc,12,matern15_med_x0.1__svc__d12,matern15_med_x0.1,ood_test,1.0,0.06606388092041016,0.761,0.7610662267869113,0.7605572703929566,0.7502612330198537,0.8230407089448906,0.7912493932552442,,,,
classical_ext,gpc,12,matern15_med_x0.1__gpc__d12,matern15_med_x0.1,id_test,,5.255420446395874,0.796,0.7958517380449395,0.7959012161886353,0.8003913894324853,0.8611444529799628,0.8068246777843471,0.47608918340577727,0.1516815672237511,0.08468626731849038,0.5414426864512598
classical_ext,gpc,12,matern15_med_x0.1__gpc__d12,matern15_med_x0.1,ood_test,,5.255420446395874,0.745,0.7476892265581416,0.7449977049793448,0.7457627118644068,0.8253605127649413,0.8296655673215472,0.5287025107809766,0.17817821085515434,0.10184732679234615,0.5550035028409085
classical_ext,svc,12,matern15_med_x0.3__svc__d12,matern15_med_x0.3,id_test,1.0,0.07968616485595703,0.794,0.793435119390564,0.7935242799409841,0.8034351145038168,0.857223449202996,0.8345654329862852,,,,
classical_ext,svc,12,matern15_med_x0.3__svc__d12,matern15_med_x0.3,ood_test,1.0,0.07968616485595703,0.754,0.7568941920620968,0.7539911436811726,0.7554671968190855,0.8266167387090172,0.7998267640034569,,,,
classical_ext,gpc,12,matern15_med_x0.3__gpc__d12,matern15_med_x0.3,id_test,,5.0484514236450195,0.791,0.7907384290378336,0.7908240830538483,0.7968901846452867,0.8475809807310671,0.8088471865771778,0.4906079730540257,0.1581818132443271,0.07434927434339786,0.5369407722273647
classical_ext,gpc,12,matern15_med_x0.3__gpc__d12,matern15_med_x0.3,ood_test,,5.0484514236450195,0.749,0.7522846856826364,0.7489575738299773,0.7522211253701876,0.8295225137362086,0.8188304673661052,0.5205215346606562,0.1739539866288567,0.06454258900635554,0.5380783946319778
classical_ext,svc,12,matern15_med_x3__svc__d12,matern15_med_x3,id_test,1.0,0.06711125373840332,0.713,0.712590423148326,0.71260655837842,0.7232401157184185,0.7931550476922091,0.7602021600870362,,,,
classical_ext,svc,12,matern15_med_x3__svc__d12,matern15_med_x3,ood_test,1.0,0.06711125373840332,0.726,0.7294980313775541,0.7259111952272537,0.730844793713163,0.7939548641630445,0.7244782747568184,,,,
classical_ext,gpc,12,matern15_med_x3__gpc__d12,matern15_med_x3,id_test,,4.555856943130493,0.728,0.727866333781448,0.727891156462585,0.7333333333333333,0.7740261506945778,0.7294435750639247,0.5688044670485283,0.19261508385254278,0.07136374213326634,0.6015649241243627
classical_ext,gpc,12,matern15_med_x3__gpc__d12,matern15_med_x3,ood_test,,4.555856943130493,0.729,0.7309368716361841,0.728978047221825,0.7265388496468214,0.8031618364177092,0.7737126398693797,0.5512807582455511,0.18486700402861994,0.05966365178456159,0.5894591627917615
classical_ext,svc,12,matern15_med_x10__svc__d12,matern15_med_x10,id_test,1.0,0.08061742782592773,0.686,0.6848313168171052,0.6837686717478528,0.7103321033210332,0.7519685039370079,0.711887709179471,,,,
classical_ext,svc,12,matern15_med_x10__svc__d12,matern15_med_x10,ood_test,1.0,0.08061742782592773,0.676,0.6849160576178264,0.6717338531556103,0.7091561938958707,0.785241552582889,0.723941777584961,,,,
classical_ext,gpc,12,matern15_med_x10__gpc__d12,matern15_med_x10,id_test,,4.49053430557251,0.664,0.6636899046155815,0.6636973275948354,0.6737864077669903,0.7344560207413099,0.673780288557776,0.6131450700628663,0.21169889717761145,0.09826967300198296,0.6556019988681395
classical_ext,gpc,12,matern15_med_x10__gpc__d12,matern15_med_x10,ood_test,,4.49053430557251,0.677,0.681787533261893,0.6764016666816944,0.6903163950143816,0.7679955369864223,0.7041959175831229,0.5996911261269521,0.20523115458989918,0.10233286867078314,0.6521928284452233
classical_ext,svc,12,matern25_med_x0.1__svc__d12,matern25_med_x0.1,id_test,1.0,0.07432746887207031,0.795,0.7948994942705332,0.7949259682745471,0.7988223748773308,0.8693825619358556,0.8428330809580311,,,,
classical_ext,svc,12,matern25_med_x0.1__svc__d12,matern25_med_x0.1,ood_test,1.0,0.07432746887207031,0.762,0.7623605809944654,0.7616558310199929,0.7525987525987526,0.8182325342452008,0.7810608263917531,,,,
classical_ext,gpc,12,matern25_med_x0.1__gpc__d12,matern25_med_x0.1,id_test,,5.433849573135376,0.795,0.7948034696882402,0.7948717948717949,0.8,0.8596280647845848,0.8097558169521395,0.4775438806430776,0.15216354303845475,0.08590469377311084,0.5387837379628441
classical_ext,gpc,12,matern25_med_x0.1__gpc__d12,matern25_med_x0.1,ood_test,,5.433849573135376,0.747,0.7498123688086724,0.7469936748418711,0.7482587064676617,0.8240842193137716,0.8273215651373126,0.5311438786616561,0.17913395667464538,0.09673705477660388,0.5534372827245192
classical_ext,svc,12,matern25_med_x0.3__svc__d12,matern25_med_x0.3,id_test,1.0,0.06089377403259277,0.793,0.7925789001984508,0.7926846733882235,0.8007699711260827,0.8498695666090519,0.824757541086016,,,,
classical_ext,svc,12,matern25_med_x0.3__svc__d12,matern25_med_x0.3,ood_test,1.0,0.06089377403259277,0.753,0.7560654040191204,0.7529799913793017,0.755203171456888,0.8211102147624609,0.7695755888837521,,,,
classical_ext,gpc,12,matern25_med_x0.3__gpc__d12,matern25_med_x0.3,id_test,,5.116597890853882,0.785,0.7846728762563216,0.7847656097490168,0.7918683446272992,0.8441240957685169,0.8082196701910769,0.49414213273735835,0.15977259928315277,0.06811664317166322,0.5382099699545582
classical_ext,gpc,12,matern25_med_x0.3__gpc__d12,matern25_med_x0.3,ood_test,,5.116597890853882,0.745,0.7486203588872968,0.7449079117561439,0.7497546614327772,0.8276763030835731,0.813525543361495,0.522805643971021,0.1748413525450975,0.06632154941857485,0.5381283800156016
classical_ext,svc,12,matern25_med_x3__svc__d12,matern25_med_x3,id_test,1.0,0.06466245651245117,0.696,0.6950579348313168,0.694503065018591,0.7158878504672898,0.7837686447730619,0.7506503261723524,,,,
classical_ext,svc,12,matern25_med_x3__svc__d12,matern25_med_x3,ood_test,1.0,0.06466245651245117,0.683,0.6914159231655288,0.6794661139058116,0.7131221719457014,0.7903186318776363,0.7189558216603815,,,,
classical_ext,gpc,12,matern25_med_x3__gpc__d12,matern25_med_x3,id_test,,3.658658027648926,0.708,0.7075731387235132,0.7075777422598232,0.7186897880539499,0.7613429037833686,0.7137185545953286,0.5791354150832323,0.19734950002051016,0.08932802623202504,0.6076323422809141
classical_ext,gpc,12,matern25_med_x3__gpc__d12,matern25_med_x3,ood_test,,3.658658027648926,0.718,0.7214710285400086,0.7179086023871735,0.7229862475442044,0.7992366320301494,0.7641239440294867,0.5571526723801946,0.18718696728534012,0.07493818216511752,0.5969382676944368
classical_ext,svc,12,matern25_med_x10__svc__d12,matern25_med_x10,id_test,1.0,0.08311295509338379,0.692,0.6908328532104219,0.6898113085934352,0.7158671586715867,0.7419219320145959,0.7004275673157262,,,,
classical_ext,svc,12,matern25_med_x10__svc__d12,matern25_med_x10,ood_test,1.0,0.08311295509338379,0.68,0.6884639928720215,0.6763636216528919,0.7106690777576854,0.7776680754056646,0.7182209771923431,,,,
classical_ext,gpc,12,matern25_med_x10__gpc__d12,matern25_med_x10,id_test,,3.165363073348999,0.66,0.6596888803533705,0.6596937243519168,0.6699029126213593,0.7301669227322194,0.6693908455512565,0.6241274271377559,0.21655432504077812,0.10381121017784531,0.6672654082109548
classical_ext,gpc,12,matern25_med_x10__gpc__d12,matern25_med_x10,ood_test,,3.165363073348999,0.68,0.6852050297199781,0.6791979949874687,0.6952380952380952,0.7593544684318045,0.6975912382967232,0.6135053401536582,0.21153980909460057,0.08910088128658786,0.6634857852942677
