family,model,dim,cfg,kernel,split,regularization,c_selected,c_cv_score,fit_seconds,accuracy,balanced_accuracy,f1_macro,f1_pos,roc_auc,pr_auc,feature_policy,n_input_features,n_retained_features,n_removed_features,removed_features,id_split_hash_salt
classical_ext,svc,4,linear__svc__d4,linear,id_val,fixed_c1,1.0,,0.0059986114501953125,0.888,0.8858350951374208,0.8869582068341839,0.8978102189781022,0.931129476584022,0.9154236445859872,full_v4_features,88,88,0,,ksf-v4-idsplit::
classical_ext,svc,4,linear__svc__d4,linear,id_test,fixed_c1,1.0,,0.0059986114501953125,0.888,0.8858350951374208,0.8869582068341839,0.8978102189781022,0.9373438400922545,0.913349418049104,full_v4_features,88,88,0,,ksf-v4-idsplit::
classical_ext,svc,4,linear__svc__d4,linear,ood_test,fixed_c1,1.0,,0.0059986114501953125,0.64,0.6401542424678794,0.6395328345535815,0.6525096525096525,0.7210835373365974,0.7520605905013982,full_v4_features,88,88,0,,ksf-v4-idsplit::
classical_ext,svc,4,rbf_gscale__svc__d4,rbf_gscale,id_val,fixed_c1,1.0,,0.007162332534790039,0.948,0.9465372541482477,0.9476979030882376,0.9516728624535316,0.9053751041066052,0.8271287069627056,full_v4_features,88,88,0,,ksf-v4-idsplit::
classical_ext,svc,4,rbf_gscale__svc__d4,rbf_gscale,id_test,fixed_c1,1.0,,0.007162332534790039,0.948,0.9467935165609584,0.947758435003456,0.951310861423221,0.9334999039015952,0.8849716251769867,full_v4_features,88,88,0,,ksf-v4-idsplit::
classical_ext,svc,4,rbf_gscale__svc__d4,rbf_gscale,ood_test,fixed_c1,1.0,,0.007162332534790039,0.658,0.6580825293204691,0.6578891560865721,0.6640471512770137,0.8303652858445736,0.8434983754556917,full_v4_features,88,88,0,,ksf-v4-idsplit::
classical_ext,svc,4,poly2__svc__d4,poly2,id_val,fixed_c1,1.0,,0.00456690788269043,0.928,0.9271574091870075,0.927773497688752,0.9318181818181818,0.9151130757896085,0.867117890862768,full_v4_features,88,88,0,,ksf-v4-idsplit::
classical_ext,svc,4,poly2__svc__d4,poly2,id_test,fixed_c1,1.0,,0.00456690788269043,0.932,0.9312896405919662,0.9318156294620654,0.935361216730038,0.9303606893458901,0.8869112955053107,full_v4_features,88,88,0,,ksf-v4-idsplit::
classical_ext,svc,4,poly2__svc__d4,poly2,ood_test,fixed_c1,1.0,,0.00456690788269043,0.65,0.6501144018304292,0.6497632399502062,0.6588693957115009,0.5796412742603881,0.5764083946350644,full_v4_features,88,88,0,,ksf-v4-idsplit::
classical_ext,svc,4,poly3__svc__d4,poly3,id_val,fixed_c1,1.0,,0.0058133602142333984,0.928,0.9271574091870075,0.927773497688752,0.9318181818181818,0.9138317637260555,0.8641505651508243,full_v4_features,88,88,0,,ksf-v4-idsplit::
classical_ext,svc,4,poly3__svc__d4,poly3,id_test,fixed_c1,1.0,,0.0058133602142333984,0.932,0.9312896405919662,0.9318156294620654,0.935361216730038,0.9276058684092511,0.884147054528213,full_v4_features,88,88,0,,ksf-v4-idsplit::
classical_ext,svc,4,poly3__svc__d4,poly3,ood_test,fixed_c1,1.0,,0.0058133602142333984,0.658,0.6580825293204691,0.6578891560865721,0.6640471512770137,0.7364917838685419,0.7196092629233422,full_v4_features,88,88,0,,ksf-v4-idsplit::
classical_ext,svc,4,laplacian_med__svc__d4,laplacian_med,id_val,fixed_c1,1.0,,0.0039997100830078125,0.944,0.9424050227432892,0.9436392914653784,0.9481481481481482,0.9949388173489654,0.9956220754507497,full_v4_features,88,88,0,,ksf-v4-idsplit::
classical_ext,svc,4,laplacian_med__svc__d4,laplacian_med,id_test,fixed_c1,1.0,,0.0039997100830078125,0.948,0.9467935165609584,0.947758435003456,0.951310861423221,0.9893010442693317,0.9672238391251087,full_v4_features,88,88,0,,ksf-v4-idsplit::
classical_ext,svc,4,laplacian_med__svc__d4,laplacian_med,ood_test,fixed_c1,1.0,,0.0039997100830078125,0.772,0.7725723611577785,0.7674418604651163,0.8,0.9296148738379815,0.9426951806760373,full_v4_features,88,88,0,,ksf-v4-idsplit::
classical_ext,svc,4,matern15_med__svc__d4,matern15_med,id_val,fixed_c1,1.0,,0.004000186920166016,0.948,0.9465372541482477,0.9476979030882376,0.9516728624535316,0.9345890191556154,0.9191340244263766,full_v4_features,88,88,0,,ksf-v4-idsplit::
classical_ext,svc,4,matern15_med__svc__d4,matern15_med,id_test,fixed_c1,1.0,,0.004000186920166016,0.948,0.9467935165609584,0.947758435003456,0.951310861423221,0.9563713242360177,0.9480540503553524,full_v4_features,88,88,0,,ksf-v4-idsplit::
classical_ext,svc,4,matern15_med__svc__d4,matern15_med,ood_test,fixed_c1,1.0,,0.004000186920166016,0.658,0.6580825293204691,0.6578891560865721,0.6640471512770137,0.8368133890142243,0.8408455646122797,full_v4_features,88,88,0,,ksf-v4-idsplit::
classical_ext,svc,4,matern25_med__svc__d4,matern25_med,id_val,fixed_c1,1.0,,0.005521297454833984,0.936,0.9349093471715035,0.935736777842041,0.9398496240601504,0.9099878275353963,0.8491154780091329,full_v4_features,88,88,0,,ksf-v4-idsplit::
classical_ext,svc,4,matern25_med__svc__d4,matern25_med,id_test,fixed_c1,1.0,,0.005521297454833984,0.944,0.9429175475687104,0.9437696806117859,0.9473684210526315,0.9287590492664488,0.8747989405319156,full_v4_features,88,88,0,,ksf-v4-idsplit::
classical_ext,svc,4,matern25_med__svc__d4,matern25_med,ood_test,fixed_c1,1.0,,0.005521297454833984,0.658,0.6580825293204691,0.6578891560865721,0.6640471512770137,0.7862525800412806,0.7911202908002554,full_v4_features,88,88,0,,ksf-v4-idsplit::
classical_ext,svc,4,rbf_gscale_x0.1__svc__d4,rbf_gscale_x0.1,id_val,fixed_c1,1.0,,0.01179957389831543,0.888,0.8858350951374208,0.8869582068341839,0.8978102189781022,0.928374655647383,0.9104076428474321,full_v4_features,88,88,0,,ksf-v4-idsplit::
classical_ext,svc,4,rbf_gscale_x0.1__svc__d4,rbf_gscale_x0.1,id_test,fixed_c1,1.0,,0.01179957389831543,0.888,0.8858350951374208,0.8869582068341839,0.8978102189781022,0.9401627266320712,0.918634258933851,full_v4_features,88,88,0,,ksf-v4-idsplit::
classical_ext,svc,4,rbf_gscale_x0.1__svc__d4,rbf_gscale_x0.1,ood_test,fixed_c1,1.0,,0.01179957389831543,0.64,0.6401542424678794,0.6395328345535815,0.6525096525096525,0.7020112321797148,0.7524576548236735,full_v4_features,88,88,0,,ksf-v4-idsplit::
classical_ext,svc,4,rbf_gscale_x0.3__svc__d4,rbf_gscale_x0.3,id_val,fixed_c1,1.0,,0.007128477096557617,0.936,0.9349093471715035,0.935736777842041,0.9398496240601504,0.910756614773528,0.8523231764854762,full_v4_features,88,88,0,,ksf-v4-idsplit::
classical_ext,svc,4,rbf_gscale_x0.3__svc__d4,rbf_gscale_x0.3,id_test,fixed_c1,1.0,,0.007128477096557617,0.944,0.9429175475687104,0.9437696806117859,0.9473684210526315,0.9274777372028957,0.8722701999410069,full_v4_features,88,88,0,,ksf-v4-idsplit::
classical_ext,svc,4,rbf_gscale_x0.3__svc__d4,rbf_gscale_x0.3,ood_test,fixed_c1,1.0,,0.007128477096557617,0.658,0.6580825293204691,0.6578891560865721,0.6640471512770137,0.5953695259124145,0.5672345409228865,full_v4_features,88,88,0,,ksf-v4-idsplit::
classical_ext,svc,4,rbf_gscale_x3__svc__d4,rbf_gscale_x3,id_val,fixed_c1,1.0,,0.0071218013763427734,0.944,0.9424050227432892,0.9436392914653784,0.9481481481481482,0.9476584022038569,0.9467219983416253,full_v4_features,88,88,0,,ksf-v4-idsplit::
classical_ext,svc,4,rbf_gscale_x3__svc__d4,rbf_gscale_x3,id_test,fixed_c1,1.0,,0.0071218013763427734,0.948,0.9467935165609584,0.947758435003456,0.951310861423221,0.9671343455698636,0.9646030683118582,full_v4_features,88,88,0,,ksf-v4-idsplit::
classical_ext,svc,4,rbf_gscale_x3__svc__d4,rbf_gscale_x3,ood_test,fixed_c1,1.0,,0.0071218013763427734,0.744,0.7444279108465736,0.7412008281573499,0.7681159420289855,0.8610697771164338,0.880870757082843,full_v4_features,88,88,0,,ksf-v4-idsplit::
classical_ext,svc,4,rbf_gscale_x10__svc__d4,rbf_gscale_x10,id_val,fixed_c1,1.0,,0.006593465805053711,0.948,0.9465372541482477,0.9476979030882376,0.9516728624535316,0.9791786789672625,0.9802548180133717,full_v4_features,88,88,0,,ksf-v4-idsplit::
classical_ext,svc,4,rbf_gscale_x10__svc__d4,rbf_gscale_x10,id_test,fixed_c1,1.0,,0.006593465805053711,0.948,0.9467935165609584,0.947758435003456,0.951310861423221,0.9743737587289385,0.968443827473684,full_v4_features,88,88,0,,ksf-v4-idsplit::
classical_ext,svc,4,rbf_gscale_x10__svc__d4,rbf_gscale_x10,ood_test,fixed_c1,1.0,,0.006593465805053711,0.788,0.7887326197219156,0.7809011988424969,0.8203389830508474,0.9663194611113778,0.9694631923780778,full_v4_features,88,88,0,,ksf-v4-idsplit::
classical_ext,svc,4,laplacian_med_x0.1__svc__d4,laplacian_med_x0.1,id_val,fixed_c1,1.0,,0.00699925422668457,0.996,0.9961240310077519,0.995996861539447,0.9961089494163424,1.0,1.0,full_v4_features,88,88,0,,ksf-v4-idsplit::
classical_ext,svc,4,laplacian_med_x0.1__svc__d4,laplacian_med_x0.1,id_test,fixed_c1,1.0,,0.00699925422668457,0.984,0.9839835992055865,0.9839835992055865,0.9844961240310077,0.9991671471586905,0.9992044808359544,full_v4_features,88,88,0,,ksf-v4-idsplit::
classical_ext,svc,4,laplacian_med_x0.1__svc__d4,laplacian_med_x0.1,ood_test,fixed_c1,1.0,,0.00699925422668457,0.956,0.9559032944527113,0.9559654769339162,0.9547325102880658,0.9894718315493047,0.981997107642795,full_v4_features,88,88,0,,ksf-v4-idsplit::
classical_ext,svc,4,laplacian_med_x0.3__svc__d4,laplacian_med_x0.3,id_val,fixed_c1,1.0,,0.005210161209106445,0.932,0.930777115766545,0.9316841073122116,0.9363295880149812,0.996668588634762,0.9971307736430373,full_v4_features,88,88,0,,ksf-v4-idsplit::
classical_ext,svc,4,laplacian_med_x0.3__svc__d4,laplacian_med_x0.3,id_test,fixed_c1,1.0,,0.005210161209106445,0.944,0.9429175475687104,0.9437696806117859,0.9473684210526315,0.9894932410788647,0.9745344463450326,full_v4_features,88,88,0,,ksf-v4-idsplit::
classical_ext,svc,4,laplacian_med_x0.3__svc__d4,laplacian_med_x0.3,ood_test,fixed_c1,1.0,,0.005210161209106445,0.944,0.9440791052656843,0.9439856603290442,0.9448818897637795,0.9772636362181795,0.9752981199566044,full_v4_features,88,88,0,,ksf-v4-idsplit::
classical_ext,svc,4,laplacian_med_x3__svc__d4,laplacian_med_x3,id_val,fixed_c1,1.0,,0.004225969314575195,0.944,0.9424050227432892,0.9436392914653784,0.9481481481481482,0.9905182907297072,0.991560778034562,full_v4_features,88,88,0,,ksf-v4-idsplit::
classical_ext,svc,4,laplacian_med_x3__svc__d4,laplacian_med_x3,id_test,fixed_c1,1.0,,0.004225969314575195,0.948,0.9467935165609584,0.947758435003456,0.951310861423221,0.988147863412134,0.9687276321968709,full_v4_features,88,88,0,,ksf-v4-idsplit::
classical_ext,svc,4,laplacian_med_x3__svc__d4,laplacian_med_x3,ood_test,fixed_c1,1.0,,0.004225969314575195,0.658,0.6580825293204691,0.6578891560865721,0.6640471512770137,0.8554376870029919,0.8731599957359424,full_v4_features,88,88,0,,ksf-v4-idsplit::
classical_ext,svc,4,laplacian_med_x10__svc__d4,laplacian_med_x10,id_val,fixed_c1,1.0,,0.0039997100830078125,0.936,0.9341405599333718,0.935500515995872,0.9411764705882353,0.9881478634121341,0.9893332201014728,full_v4_features,88,88,0,,ksf-v4-idsplit::
classical_ext,svc,4,laplacian_med_x10__svc__d4,laplacian_med_x10,id_test,fixed_c1,1.0,,0.0039997100830078125,0.948,0.9467935165609584,0.947758435003456,0.951310861423221,0.9853930424754949,0.9807452787384003,full_v4_features,88,88,0,,ksf-v4-idsplit::
classical_ext,svc,4,laplacian_med_x10__svc__d4,laplacian_med_x10,ood_test,fixed_c1,1.0,,0.0039997100830078125,0.64,0.6401542424678794,0.6395328345535815,0.6525096525096525,0.7531160498567977,0.7548673953507156,full_v4_features,88,88,0,,ksf-v4-idsplit::
classical_ext,svc,4,matern15_med_x0.1__svc__d4,matern15_med_x0.1,id_val,fixed_c1,1.0,,0.005016326904296875,0.928,0.9271574091870075,0.927773497688752,0.9318181818181818,0.9953232109680312,0.9959195536940045,full_v4_features,88,88,0,,ksf-v4-idsplit::
classical_ext,svc,4,matern15_med_x0.1__svc__d4,matern15_med_x0.1,id_test,fixed_c1,1.0,,0.005016326904296875,0.94,0.9390415785764623,0.9397832195905259,0.9433962264150944,0.9916074059837274,0.9885160298085213,full_v4_features,88,88,0,,ksf-v4-idsplit::
classical_ext,svc,4,matern15_med_x0.1__svc__d4,matern15_med_x0.1,ood_test,fixed_c1,1.0,,0.005016326904296875,0.938,0.938055008880142,0.937993799379938,0.9386138613861386,0.98601577625242,0.9761283611222284,full_v4_features,88,88,0,,ksf-v4-idsplit::
classical_ext,svc,4,matern15_med_x0.3__svc__d4,matern15_med_x0.3,id_val,fixed_c1,1.0,,0.00500035285949707,0.948,0.9465372541482477,0.9476979030882376,0.9516728624535316,0.9819334999039016,0.9855676492240829,full_v4_features,88,88,0,,ksf-v4-idsplit::
classical_ext,svc,4,matern15_med_x0.3__svc__d4,matern15_med_x0.3,id_test,fixed_c1,1.0,,0.00500035285949707,0.952,0.9509257479659171,0.9518025833815307,0.9548872180451128,0.9846883208405407,0.9784988361915862,full_v4_features,88,88,0,,ksf-v4-idsplit::
classical_ext,svc,4,matern15_med_x0.3__svc__d4,matern15_med_x0.3,ood_test,fixed_c1,1.0,,0.00500035285949707,0.786,0.7867245875934015,0.7789977651923545,0.8183361629881154,0.9704795276724428,0.9729332680825855,full_v4_features,88,88,0,,ksf-v4-idsplit::
classical_ext,svc,4,matern15_med_x3__svc__d4,matern15_med_x3,id_val,fixed_c1,1.0,,0.0104827880859375,0.928,0.9266448843615862,0.9276248069994854,0.9328358208955224,0.9162662566468064,0.874136869223877,full_v4_features,88,88,0,,ksf-v4-idsplit::
classical_ext,svc,4,matern15_med_x3__svc__d4,matern15_med_x3,id_test,fixed_c1,1.0,,0.0104827880859375,0.944,0.9429175475687104,0.9437696806117859,0.9473684210526315,0.9326670510602857,0.8964483349193212,full_v4_features,88,88,0,,ksf-v4-idsplit::
classical_ext,svc,4,matern15_med_x3__svc__d4,matern15_med_x3,ood_test,fixed_c1,1.0,,0.0104827880859375,0.642,0.6421462743403894,0.641585673038032,0.6537717601547389,0.670554728875662,0.6613472346057591,full_v4_features,88,88,0,,ksf-v4-idsplit::
classical_ext,svc,4,matern15_med_x10__svc__d4,matern15_med_x10,id_val,fixed_c1,1.0,,0.006104230880737305,0.904,0.9010827086937023,0.9025974025974026,0.9142857142857143,0.9425972195528222,0.9362850652434329,full_v4_features,88,88,0,,ksf-v4-idsplit::
classical_ext,svc,4,matern15_med_x10__svc__d4,matern15_med_x10,id_test,fixed_c1,1.0,,0.006104230880737305,0.9,0.8972067397014543,0.8986360466436367,0.910394265232975,0.9483631238388109,0.9346287384631452,full_v4_features,88,88,0,,ksf-v4-idsplit::
classical_ext,svc,4,matern15_med_x10__svc__d4,matern15_med_x10,ood_test,fixed_c1,1.0,,0.006104230880737305,0.542,0.5425446807148915,0.5336257845880632,0.5961199294532628,0.7346197539160627,0.7880530693773601,full_v4_features,88,88,0,,ksf-v4-idsplit::
classical_ext,svc,4,matern25_med_x0.1__svc__d4,matern25_med_x0.1,id_val,fixed_c1,1.0,,0.004514455795288086,0.928,0.9271574091870075,0.927773497688752,0.9318181818181818,0.9944262925235442,0.9951309801524361,full_v4_features,88,88,0,,ksf-v4-idsplit::
classical_ext,svc,4,matern25_med_x0.1__svc__d4,matern25_med_x0.1,id_test,fixed_c1,1.0,,0.004514455795288086,0.94,0.9390415785764623,0.9397832195905259,0.9433962264150944,0.9919277339996155,0.9894398863588411,full_v4_features,88,88,0,,ksf-v4-idsplit::
classical_ext,svc,4,matern25_med_x0.1__svc__d4,matern25_med_x0.1,ood_test,fixed_c1,1.0,,0.004514455795288086,0.938,0.938055008880142,0.937993799379938,0.9386138613861386,0.9850877614041823,0.9716456740311912,full_v4_features,88,88,0,,ksf-v4-idsplit::
classical_ext,svc,4,matern25_med_x0.3__svc__d4,matern25_med_x0.3,id_val,fixed_c1,1.0,,0.00452113151550293,0.944,0.9424050227432892,0.9436392914653784,0.9481481481481482,0.9493241078864758,0.9489824382364527,full_v4_features,88,88,0,,ksf-v4-idsplit::
classical_ext,svc,4,matern25_med_x0.3__svc__d4,matern25_med_x0.3,id_test,fixed_c1,1.0,,0.00452113151550293,0.948,0.9467935165609584,0.947758435003456,0.951310861423221,0.968159395220706,0.9613666325709814,full_v4_features,88,88,0,,ksf-v4-idsplit::
classical_ext,svc,4,matern25_med_x0.3__svc__d4,matern25_med_x0.3,ood_test,fixed_c1,1.0,,0.00452113151550293,0.784,0.7847325557208915,0.7767672591980157,0.8169491525423729,0.9002544040704649,0.9170776301076484,full_v4_features,88,88,0,,ksf-v4-idsplit::
classical_ext,svc,4,matern25_med_x3__svc__d4,matern25_med_x3,id_val,fixed_c1,1.0,,0.00589299201965332,0.888,0.8858350951374208,0.8869582068341839,0.8978102189781022,0.9352937407905696,0.9241570534806558,full_v4_features,88,88,0,,ksf-v4-idsplit::
classical_ext,svc,4,matern25_med_x3__svc__d4,matern25_med_x3,id_test,fixed_c1,1.0,,0.00589299201965332,0.888,0.8858350951374208,0.8869582068341839,0.8978102189781022,0.9418924979178679,0.9221689410743621,full_v4_features,88,88,0,,ksf-v4-idsplit::
classical_ext,svc,4,matern25_med_x3__svc__d4,matern25_med_x3,ood_test,fixed_c1,1.0,,0.00589299201965332,0.64,0.6401542424678794,0.6395328345535815,0.6525096525096525,0.721163538616618,0.7737168758746835,full_v4_features,88,88,0,,ksf-v4-idsplit::
classical_ext,svc,4,matern25_med_x10__svc__d4,matern25_med_x10,id_val,fixed_c1,1.0,,0.013020992279052734,0.788,0.78099173553719,0.7745793565729258,0.8295819935691319,0.9426612851559998,0.9363369981613029,full_v4_features,88,88,0,,ksf-v4-idsplit::
classical_ext,svc,4,matern25_med_x10__svc__d4,matern25_med_x10,id_test,fixed_c1,1.0,,0.013020992279052734,0.756,0.7479338842975207,0.7358804274407247,0.8087774294670846,0.9472740085847908,0.9333194523332189,full_v4_features,88,88,0,,ksf-v4-idsplit::
classical_ext,svc,4,matern25_med_x10__svc__d4,matern25_med_x10,ood_test,fixed_c1,1.0,,0.013020992279052734,0.534,0.5346085537368598,0.5232736572890025,0.5947826086956521,0.7344277508440135,0.7877604592634366,full_v4_features,88,88,0,,ksf-v4-idsplit::
quantum,svc,4,zz_r1_full__as0.5__svc__d4,zz_r1_full__as0.5,id_val,fixed_c1,1.0,,0.00800776481628418,0.928,0.9271574091870075,0.927773497688752,0.9318181818181818,0.9896854378883977,0.9915445899457583,full_v4_features,88,88,0,,ksf-v4-idsplit::
quantum,svc,4,zz_r1_full__as0.5__svc__d4,zz_r1_full__as0.5,id_test,fixed_c1,1.0,,0.00800776481628418,0.94,0.9390415785764623,0.9397832195905259,0.9433962264150944,0.9764238580306234,0.954561265107287,full_v4_features,88,88,0,,ksf-v4-idsplit::
quantum,svc,4,zz_r1_full__as0.5__svc__d4,zz_r1_full__as0.5,ood_test,fixed_c1,1.0,,0.00800776481628418,0.938,0.938055008880142,0.937993799379938,0.9386138613861386,0.9597433558936943,0.9623666466955852,full_v4_features,88,88,0,,ksf-v4-idsplit::
quantum,svc,4,zz_r2_full__as0.5__svc__d4,zz_r2_full__as0.5,id_val,fixed_c1,1.0,,0.005055904388427734,0.928,0.9271574091870075,0.927773497688752,0.9318181818181818,0.9917355371900827,0.9927301571264415,full_v4_features,88,88,0,,ksf-v4-idsplit::
quantum,svc,4,zz_r2_full__as0.5__svc__d4,zz_r2_full__as0.5,id_test,fixed_c1,1.0,,0.005055904388427734,0.94,0.9390415785764623,0.9397832195905259,0.9433962264150944,0.9909026843487732,0.9891869192915546,full_v4_features,88,88,0,,ksf-v4-idsplit::
quantum,svc,4,zz_r2_full__as0.5__svc__d4,zz_r2_full__as0.5,ood_test,fixed_c1,1.0,,0.005055904388427734,0.94,0.9400630410086561,0.9399913587556608,0.9407114624505929,0.9714075425206803,0.9572598306349663,full_v4_features,88,88,0,,ksf-v4-idsplit::
quantum,svc,4,pauli_xz_r1_full__as0.5__svc__d4,pauli_xz_r1_full__as0.5,id_val,fixed_c1,1.0,,0.004999637603759766,0.932,0.9310333781792556,0.9317543155359294,0.9358490566037736,0.9062720225510923,0.8312291873873544,full_v4_features,88,88,0,,ksf-v4-idsplit::
quantum,svc,4,pauli_xz_r1_full__as0.5__svc__d4,pauli_xz_r1_full__as0.5,id_test,fixed_c1,1.0,,0.004999637603759766,0.932,0.9312896405919662,0.9318156294620654,0.935361216730038,0.9244025882503684,0.8739566808629694,full_v4_features,88,88,0,,ksf-v4-idsplit::
quantum,svc,4,pauli_xz_r1_full__as0.5__svc__d4,pauli_xz_r1_full__as0.5,ood_test,fixed_c1,1.0,,0.004999637603759766,0.658,0.6580825293204691,0.6578891560865721,0.6640471512770137,0.8202211235379765,0.8314425246038569,full_v4_features,88,88,0,,ksf-v4-idsplit::
quantum,svc,4,zmap_r2__as0.5__svc__d4,zmap_r2__as0.5,id_val,fixed_c1,1.0,,0.008008241653442383,0.936,0.9341405599333718,0.935500515995872,0.9411764705882353,0.9487475174578769,0.9452238221309276,full_v4_features,88,88,0,,ksf-v4-idsplit::
quantum,svc,4,zmap_r2__as0.5__svc__d4,zmap_r2__as0.5,id_test,fixed_c1,1.0,,0.008008241653442383,0.948,0.9467935165609584,0.947758435003456,0.951310861423221,0.9616887692997629,0.9560184740258463,full_v4_features,88,88,0,,ksf-v4-idsplit::
quantum,svc,4,zmap_r2__as0.5__svc__d4,zmap_r2__as0.5,ood_test,fixed_c1,1.0,,0.008008241653442383,0.658,0.6580825293204691,0.6578891560865721,0.6640471512770137,0.8656778508456136,0.8895697278653206,full_v4_features,88,88,0,,ksf-v4-idsplit::
quantum,svc,4,zz_r1_full__svc__d4,zz_r1_full,id_val,fixed_c1,1.0,,0.0050067901611328125,0.92,0.9194054712025114,0.9198152543460132,0.9236641221374046,0.9927605868409252,0.9937753628948367,full_v4_features,88,88,0,,ksf-v4-idsplit::
quantum,svc,4,zz_r1_full__svc__d4,zz_r1_full,id_test,fixed_c1,1.0,,0.0050067901611328125,0.936,0.9351656095842142,0.9357986646122239,0.9393939393939394,0.9885322570312001,0.962741821220215,full_v4_features,88,88,0,,ksf-v4-idsplit::
quantum,svc,4,zz_r1_full__svc__d4,zz_r1_full,ood_test,fixed_c1,1.0,,0.0050067901611328125,0.93,0.9300228803660858,0.9299997199988801,0.9301397205588823,0.9582073313173011,0.948154953891196,full_v4_features,88,88,0,,ksf-v4-idsplit::
quantum,svc,4,zz_r2_full__svc__d4,zz_r2_full,id_val,fixed_c1,1.0,,0.010055780410766602,0.928,0.9271574091870075,0.927773497688752,0.9318181818181818,0.9950028829521431,0.9956700195033148,full_v4_features,88,88,0,,ksf-v4-idsplit::
quantum,svc,4,zz_r2_full__svc__d4,zz_r2_full,id_test,fixed_c1,1.0,,0.010055780410766602,0.944,0.943173809981421,0.9438238315356959,0.946969696969697,0.9923761932218592,0.99076456212373,full_v4_features,88,88,0,,ksf-v4-idsplit::
quantum,svc,4,zz_r2_full__svc__d4,zz_r2_full,ood_test,fixed_c1,1.0,,0.010055780410766602,0.942,0.9420230723691578,0.941999767999072,0.9421157684630739,0.985343765500248,0.9857045917346475,full_v4_features,88,88,0,,ksf-v4-idsplit::
quantum,svc,4,pauli_xz_r1_full__svc__d4,pauli_xz_r1_full,id_val,fixed_c1,1.0,,0.00599980354309082,0.944,0.9424050227432892,0.9436392914653784,0.9481481481481482,0.9805240566339931,0.9843185201557987,full_v4_features,88,88,0,,ksf-v4-idsplit::
quantum,svc,4,pauli_xz_r1_full__svc__d4,pauli_xz_r1_full,id_test,fixed_c1,1.0,,0.00599980354309082,0.948,0.9467935165609584,0.947758435003456,0.951310861423221,0.990197962713819,0.989912012767506,full_v4_features,88,88,0,,ksf-v4-idsplit::
quantum,svc,4,pauli_xz_r1_full__svc__d4,pauli_xz_r1_full,ood_test,fixed_c1,1.0,,0.00599980354309082,0.778,0.7787404598473575,0.7703945490424833,0.8121827411167513,0.853421654746476,0.8774749780243106,full_v4_features,88,88,0,,ksf-v4-idsplit::
quantum,svc,4,zmap_r2__svc__d4,zmap_r2,id_val,fixed_c1,1.0,,0.004636287689208984,0.936,0.9341405599333718,0.935500515995872,0.9411764705882353,0.9287590492664488,0.9089402049029045,full_v4_features,88,88,0,,ksf-v4-idsplit::
quantum,svc,4,zmap_r2__svc__d4,zmap_r2,id_test,fixed_c1,1.0,,0.004636287689208984,0.948,0.9467935165609584,0.947758435003456,0.951310861423221,0.9499006983150746,0.932720129756525,full_v4_features,88,88,0,,ksf-v4-idsplit::
quantum,svc,4,zmap_r2__svc__d4,zmap_r2,ood_test,fixed_c1,1.0,,0.004636287689208984,0.726,0.7264836237379798,0.7221309513668317,0.7549194991055456,0.8539976639626232,0.8797657000443233,full_v4_features,88,88,0,,ksf-v4-idsplit::
quantum,svc,4,zz_r1_full__as2__svc__d4,zz_r1_full__as2,id_val,fixed_c1,1.0,,0.005271196365356445,0.988,0.9883720930232558,0.9879951980792316,0.9882352941176471,0.9975655070792492,0.9979073851250528,full_v4_features,88,88,0,,ksf-v4-idsplit::
quantum,svc,4,zz_r1_full__as2__svc__d4,zz_r1_full__as2,id_test,fixed_c1,1.0,,0.005271196365356445,0.988,0.9878595681978346,0.9879844278184527,0.9884169884169884,0.9985905567300917,0.9987545300072149,full_v4_features,88,88,0,,ksf-v4-idsplit::
quantum,svc,4,zz_r1_full__as2__svc__d4,zz_r1_full__as2,ood_test,fixed_c1,1.0,,0.005271196365356445,0.94,0.9398870381926111,0.9399384970209494,0.9380165289256198,0.9718235491767868,0.9776827294204706,full_v4_features,88,88,0,,ksf-v4-idsplit::
quantum,svc,4,zz_r2_full__as2__svc__d4,zz_r2_full__as2,id_val,fixed_c1,1.0,,0.007002115249633789,0.976,0.9764879236338011,0.9759938544267333,0.9763779527559056,0.9990390159523352,0.9991010713396745,full_v4_features,88,88,0,,ksf-v4-idsplit::
quantum,svc,4,zz_r2_full__as2__svc__d4,zz_r2_full__as2,id_test,fixed_c1,1.0,,0.007002115249633789,0.984,0.9842398616182971,0.9839907786885246,0.984375,0.9989749503491575,0.9990381090180791,full_v4_features,88,88,0,,ksf-v4-idsplit::
quantum,svc,4,zz_r2_full__as2__svc__d4,zz_r2_full__as2,ood_test,fixed_c1,1.0,,0.007002115249633789,0.93,0.9299748795980736,0.9299929992999301,0.9292929292929293,0.977007632122114,0.9765432281250895,full_v4_features,88,88,0,,ksf-v4-idsplit::
quantum,svc,4,pauli_xz_r1_full__as2__svc__d4,pauli_xz_r1_full__as2,id_val,fixed_c1,1.0,,0.007015705108642578,0.924,0.9225126529566275,0.9235584737443474,0.929368029739777,0.9733487090780959,0.952558577519025,full_v4_features,88,88,0,,ksf-v4-idsplit::
quantum,svc,4,pauli_xz_r1_full__as2__svc__d4,pauli_xz_r1_full__as2,id_test,fixed_c1,1.0,,0.007015705108642578,0.94,0.9390415785764623,0.9397832195905259,0.9433962264150944,0.9866102889358703,0.9871357228858165,full_v4_features,88,88,0,,ksf-v4-idsplit::
quantum,svc,4,pauli_xz_r1_full__as2__svc__d4,pauli_xz_r1_full__as2,ood_test,fixed_c1,1.0,,0.007015705108642578,0.846,0.845605529688475,0.8443809392923982,0.8285077951002228,0.8829581273300372,0.8981816176935342,full_v4_features,88,88,0,,ksf-v4-idsplit::
quantum,svc,4,zmap_r2__as2__svc__d4,zmap_r2__as2,id_val,fixed_c1,1.0,,0.005506038665771484,0.932,0.9310333781792556,0.9317543155359294,0.9358490566037736,0.9930809148568134,0.9938868112226192,full_v4_features,88,88,0,,ksf-v4-idsplit::
quantum,svc,4,zmap_r2__as2__svc__d4,zmap_r2__as2,id_test,fixed_c1,1.0,,0.005506038665771484,0.94,0.9390415785764623,0.9397832195905259,0.9433962264150944,0.9854571080786725,0.9708027030195142,full_v4_features,88,88,0,,ksf-v4-idsplit::
quantum,svc,4,zmap_r2__as2__svc__d4,zmap_r2__as2,ood_test,fixed_c1,1.0,,0.005506038665771484,0.928,0.9281428502856046,0.9279261964251393,0.9302325581395349,0.945199123185971,0.9046233390211187,full_v4_features,88,88,0,,ksf-v4-idsplit::
classical_ext,svc,6,linear__svc__d6,linear,id_val,fixed_c1,1.0,,0.005026578903198242,0.936,0.9349093471715035,0.935736777842041,0.9398496240601504,0.9869946825549363,0.9892622647364085,full_v4_features,88,88,0,,ksf-v4-idsplit::
classical_ext,svc,6,linear__svc__d6,linear,id_test,fixed_c1,1.0,,0.005026578903198242,0.948,0.947049778973669,0.9478121236451225,0.9509433962264151,0.990197962713819,0.9910763955321686,full_v4_features,88,88,0,,ksf-v4-idsplit::
classical_ext,svc,6,linear__svc__d6,linear,ood_test,fixed_c1,1.0,,0.005026578903198242,0.66,0.660074561192979,0.6599129377120543,0.6653543307086615,0.8137890206243299,0.8571442662819035,full_v4_features,88,88,0,,ksf-v4-idsplit::
classical_ext,svc,6,rbf_gscale__svc__d6,rbf_gscale,id_val,fixed_c1,1.0,,0.007336616516113281,0.924,0.9230251777820488,0.9237254114813328,0.9283018867924528,0.9900698315074636,0.9923676203106235,full_v4_features,88,88,0,,ksf-v4-idsplit::
classical_ext,svc,6,rbf_gscale__svc__d6,rbf_gscale,id_test,fixed_c1,1.0,,0.007336616516113281,0.944,0.943173809981421,0.9438238315356959,0.946969696969697,0.9919917996027932,0.9901137896798216,full_v4_features,88,88,0,,ksf-v4-idsplit::
classical_ext,svc,6,rbf_gscale__svc__d6,rbf_gscale,ood_test,fixed_c1,1.0,,0.007336616516113281,0.814,0.8134130146082337,0.8097186700767263,0.7811764705882352,0.9574713195411128,0.9666188164868756,full_v4_features,88,88,0,,ksf-v4-idsplit::
classical_ext,svc,6,poly2__svc__d6,poly2,id_val,fixed_c1,1.0,,0.006170749664306641,0.948,0.9465372541482477,0.9476979030882376,0.9516728624535316,0.9869946825549363,0.9892622647364085,full_v4_features,88,88,0,,ksf-v4-idsplit::
classical_ext,svc,6,poly2__svc__d6,poly2,id_test,fixed_c1,1.0,,0.006170749664306641,0.952,0.9509257479659171,0.9518025833815307,0.9548872180451128,0.9899417003011084,0.9908513658978785,full_v4_features,88,88,0,,ksf-v4-idsplit::
classical_ext,svc,6,poly2__svc__d6,poly2,ood_test,fixed_c1,1.0,,0.006170749664306641,0.66,0.660074561192979,0.6599129377120543,0.6653543307086615,0.8162050592809484,0.858698422430147,full_v4_features,88,88,0,,ksf-v4-idsplit::
classical_ext,svc,6,poly3__svc__d6,poly3,id_val,fixed_c1,1.0,,0.004007577896118164,0.948,0.9465372541482477,0.9476979030882376,0.9516728624535316,0.9869946825549363,0.9892622647364085,full_v4_features,88,88,0,,ksf-v4-idsplit::
classical_ext,svc,6,poly3__svc__d6,poly3,id_test,fixed_c1,1.0,,0.004007577896118164,0.952,0.9509257479659171,0.9518025833815307,0.9548872180451128,0.9900698315074636,0.990746952905233,full_v4_features,88,88,0,,ksf-v4-idsplit::
classical_ext,svc,6,poly3__svc__d6,poly3,ood_test,fixed_c1,1.0,,0.004007577896118164,0.66,0.660074561192979,0.6599129377120543,0.6653543307086615,0.8256292100673611,0.8642634799050941,full_v4_features,88,88,0,,ksf-v4-idsplit::
classical_ext,svc,6,laplacian_med__svc__d6,laplacian_med,id_val,fixed_c1,1.0,,0.0050945281982421875,0.924,0.9230251777820488,0.9237254114813328,0.9283018867924528,0.9945544237298994,0.9952998613116679,full_v4_features,88,88,0,,ksf-v4-idsplit::
classical_ext,svc,6,laplacian_med__svc__d6,laplacian_med,id_test,fixed_c1,1.0,,0.0050945281982421875,0.944,0.943173809981421,0.9438238315356959,0.946969696969697,0.9961560638093407,0.9965094791087334,full_v4_features,88,88,0,,ksf-v4-idsplit::
classical_ext,svc,6,laplacian_med__svc__d6,laplacian_med,ood_test,fixed_c1,1.0,,0.0050945281982421875,0.94,0.9400630410086561,0.9399913587556608,0.9407114624505929,0.9758236131778109,0.9801780307559489,full_v4_features,88,88,0,,ksf-v4-idsplit::
classical_ext,svc,6,matern15_med__svc__d6,matern15_med,id_val,fixed_c1,1.0,,0.003920078277587891,0.924,0.9230251777820488,0.9237254114813328,0.9283018867924528,0.9890447818566211,0.9915651178345143,full_v4_features,88,88,0,,ksf-v4-idsplit::
classical_ext,svc,6,matern15_med__svc__d6,matern15_med,id_test,fixed_c1,1.0,,0.003920078277587891,0.944,0.943173809981421,0.9438238315356959,0.946969696969697,0.9923121276186815,0.9916276883246359,full_v4_features,88,88,0,,ksf-v4-idsplit::
classical_ext,svc,6,matern15_med__svc__d6,matern15_med,ood_test,fixed_c1,1.0,,0.003920078277587891,0.814,0.8134130146082337,0.8097186700767263,0.7811764705882352,0.8585577369237907,0.889476984582545,full_v4_features,88,88,0,,ksf-v4-idsplit::
classical_ext,svc,6,matern25_med__svc__d6,matern25_med,id_val,fixed_c1,1.0,,0.0044708251953125,0.924,0.9230251777820488,0.9237254114813328,0.9283018867924528,0.9865462233326927,0.98895165326029,full_v4_features,88,88,0,,ksf-v4-idsplit::
classical_ext,svc,6,matern25_med__svc__d6,matern25_med,id_test,fixed_c1,1.0,,0.0044708251953125,0.944,0.943173809981421,0.9438238315356959,0.946969696969697,0.9915433403805497,0.9917189539558868,full_v4_features,88,88,0,,ksf-v4-idsplit::
classical_ext,svc,6,matern25_med__svc__d6,matern25_med,ood_test,fixed_c1,1.0,,0.0044708251953125,0.814,0.8134130146082337,0.8097186700767263,0.7811764705882352,0.8479495671930752,0.8804697014796972,full_v4_features,88,88,0,,ksf-v4-idsplit::
classical_ext,svc,6,rbf_gscale_x0.1__svc__d6,rbf_gscale_x0.1,id_val,fixed_c1,1.0,,0.004610776901245117,0.932,0.9310333781792556,0.9317543155359294,0.9358490566037736,0.9858415016977385,0.9882341206532117,full_v4_features,88,88,0,,ksf-v4-idsplit::
classical_ext,svc,6,rbf_gscale_x0.1__svc__d6,rbf_gscale_x0.1,id_test,fixed_c1,1.0,,0.004610776901245117,0.936,0.935421871996925,0.9358522034768106,0.9389312977099237,0.9897495034915753,0.990310259327791,full_v4_features,88,88,0,,ksf-v4-idsplit::
classical_ext,svc,6,rbf_gscale_x0.1__svc__d6,rbf_gscale_x0.1,ood_test,fixed_c1,1.0,,0.004610776901245117,0.654,0.6540984655754492,0.6538324549081755,0.6614481409001957,0.7996607945727131,0.8429234289178842,full_v4_features,88,88,0,,ksf-v4-idsplit::
classical_ext,svc,6,rbf_gscale_x0.3__svc__d6,rbf_gscale_x0.3,id_val,fixed_c1,1.0,,0.005006313323974609,0.948,0.9465372541482477,0.9476979030882376,0.9516728624535316,0.9869306169517585,0.9892341210912436,full_v4_features,88,88,0,,ksf-v4-idsplit::
classical_ext,svc,6,rbf_gscale_x0.3__svc__d6,rbf_gscale_x0.3,id_test,fixed_c1,1.0,,0.005006313323974609,0.952,0.9509257479659171,0.9518025833815307,0.9548872180451128,0.9912870779678391,0.9916169414379286,full_v4_features,88,88,0,,ksf-v4-idsplit::
classical_ext,svc,6,rbf_gscale_x0.3__svc__d6,rbf_gscale_x0.3,ood_test,fixed_c1,1.0,,0.005006313323974609,0.66,0.660074561192979,0.6599129377120543,0.6653543307086615,0.8235971775548409,0.8645850809900155,full_v4_features,88,88,0,,ksf-v4-idsplit::
classical_ext,svc,6,rbf_gscale_x3__svc__d6,rbf_gscale_x3,id_val,fixed_c1,1.0,,0.007263660430908203,0.924,0.9230251777820488,0.9237254114813328,0.9283018867924528,0.9880837978089565,0.9926226797381926,full_v4_features,88,88,0,,ksf-v4-idsplit::
classical_ext,svc,6,rbf_gscale_x3__svc__d6,rbf_gscale_x3,id_test,fixed_c1,1.0,,0.007263660430908203,0.944,0.943173809981421,0.9438238315356959,0.946969696969697,0.9910308155551284,0.9863056223860308,full_v4_features,88,88,0,,ksf-v4-idsplit::
classical_ext,svc,6,rbf_gscale_x3__svc__d6,rbf_gscale_x3,ood_test,fixed_c1,1.0,,0.007263660430908203,0.918,0.9179746875950014,0.917991799179918,0.9171717171717172,0.9633914142626282,0.968796495462448,full_v4_features,88,88,0,,ksf-v4-idsplit::
classical_ext,svc,6,rbf_gscale_x10__svc__d6,rbf_gscale_x10,id_val,fixed_c1,1.0,,0.004300117492675781,0.924,0.9230251777820488,0.9237254114813328,0.9283018867924528,0.9946825549362548,0.9954155475755888,full_v4_features,88,88,0,,ksf-v4-idsplit::
classical_ext,svc,6,rbf_gscale_x10__svc__d6,rbf_gscale_x10,id_test,fixed_c1,1.0,,0.004300117492675781,0.944,0.943173809981421,0.9438238315356959,0.946969696969697,0.9887244538407328,0.9629421779205888,full_v4_features,88,88,0,,ksf-v4-idsplit::
classical_ext,svc,6,rbf_gscale_x10__svc__d6,rbf_gscale_x10,ood_test,fixed_c1,1.0,,0.004300117492675781,0.956,0.9559992959887358,0.9559992959887358,0.9558232931726908,0.9831037296596745,0.9694255392377511,full_v4_features,88,88,0,,ksf-v4-idsplit::
classical_ext,svc,6,laplacian_med_x0.1__svc__d6,laplacian_med_x0.1,id_val,fixed_c1,1.0,,0.0055294036865234375,0.996,0.9961240310077519,0.995996861539447,0.9961089494163424,0.9999359343968224,0.9999403697078115,full_v4_features,88,88,0,,ksf-v4-idsplit::
classical_ext,svc,6,laplacian_med_x0.1__svc__d6,laplacian_med_x0.1,id_test,fixed_c1,1.0,,0.0055294036865234375,0.984,0.9839835992055865,0.9839835992055865,0.9844961240310077,0.999615606380934,0.9996422041323556,full_v4_features,88,88,0,,ksf-v4-idsplit::
classical_ext,svc,6,laplacian_med_x0.1__svc__d6,laplacian_med_x0.1,ood_test,fixed_c1,1.0,,0.0055294036865234375,0.958,0.9579113265812254,0.9579715887940248,0.9568788501026694,0.989007824125186,0.9760818840785099,full_v4_features,88,88,0,,ksf-v4-idsplit::
classical_ext,svc,6,laplacian_med_x0.3__svc__d6,laplacian_med_x0.3,id_val,fixed_c1,1.0,,0.004889965057373047,0.98,0.9803638926260491,0.9799919967987194,0.9803921568627451,0.999615606380934,0.9996351374468114,full_v4_features,88,88,0,,ksf-v4-idsplit::
classical_ext,svc,6,laplacian_med_x0.3__svc__d6,laplacian_med_x0.3,id_test,fixed_c1,1.0,,0.004889965057373047,0.98,0.9803638926260491,0.9799919967987194,0.9803921568627451,0.9928246524441027,0.9861415671392602,full_v4_features,88,88,0,,ksf-v4-idsplit::
classical_ext,svc,6,laplacian_med_x0.3__svc__d6,laplacian_med_x0.3,ood_test,fixed_c1,1.0,,0.004889965057373047,0.956,0.9559992959887358,0.9559992959887358,0.9558232931726908,0.9827357237715804,0.9746234256678347,full_v4_features,88,88,0,,ksf-v4-idsplit::
classical_ext,svc,6,laplacian_med_x3__svc__d6,laplacian_med_x3,id_val,fixed_c1,1.0,,0.005006551742553711,0.924,0.9230251777820488,0.9237254114813328,0.9283018867924528,0.9943622269203665,0.9951748554100821,full_v4_features,88,88,0,,ksf-v4-idsplit::
classical_ext,svc,6,laplacian_med_x3__svc__d6,laplacian_med_x3,id_test,fixed_c1,1.0,,0.005006551742553711,0.944,0.943173809981421,0.9438238315356959,0.946969696969697,0.9917355371900826,0.988899409352395,full_v4_features,88,88,0,,ksf-v4-idsplit::
classical_ext,svc,6,laplacian_med_x3__svc__d6,laplacian_med_x3,ood_test,fixed_c1,1.0,,0.005006551742553711,0.814,0.8134130146082337,0.8097186700767263,0.7811764705882352,0.9432950927214836,0.9515644733689227,full_v4_features,88,88,0,,ksf-v4-idsplit::
classical_ext,svc,6,laplacian_med_x10__svc__d6,laplacian_med_x10,id_val,fixed_c1,1.0,,0.008042097091674805,0.944,0.9424050227432892,0.9436392914653784,0.9481481481481482,0.9903901595233519,0.9914669473988594,full_v4_features,88,88,0,,ksf-v4-idsplit::
classical_ext,svc,6,laplacian_med_x10__svc__d6,laplacian_med_x10,id_test,fixed_c1,1.0,,0.008042097091674805,0.948,0.9467935165609584,0.947758435003456,0.951310861423221,0.990197962713819,0.9887024154463795,full_v4_features,88,88,0,,ksf-v4-idsplit::
classical_ext,svc,6,laplacian_med_x10__svc__d6,laplacian_med_x10,ood_test,fixed_c1,1.0,,0.008042097091674805,0.648,0.6481223699579193,0.6477238154713295,0.6575875486381323,0.8398854381670107,0.8721671189906487,full_v4_features,88,88,0,,ksf-v4-idsplit::
classical_ext,svc,6,matern15_med_x0.1__svc__d6,matern15_med_x0.1,id_val,fixed_c1,1.0,,0.004999399185180664,0.976,0.9767441860465116,0.9759984639016897,0.9761904761904762,1.0,1.0,full_v4_features,88,88,0,,ksf-v4-idsplit::
classical_ext,svc,6,matern15_med_x0.1__svc__d6,matern15_med_x0.1,id_test,fixed_c1,1.0,,0.004999399185180664,0.976,0.9762316612210904,0.9759861680327868,0.9765625,0.9914152091741945,0.9734426259083089,full_v4_features,88,88,0,,ksf-v4-idsplit::
classical_ext,svc,6,matern15_med_x0.1__svc__d6,matern15_med_x0.1,ood_test,fixed_c1,1.0,,0.004999399185180664,0.958,0.9579753276052416,0.957995799579958,0.9575757575757575,0.9886878190051039,0.9738500726032908,full_v4_features,88,88,0,,ksf-v4-idsplit::
classical_ext,svc,6,matern15_med_x0.3__svc__d6,matern15_med_x0.3,id_val,fixed_c1,1.0,,0.004989147186279297,0.924,0.9230251777820488,0.9237254114813328,0.9283018867924528,0.987763469793068,0.9923716974475941,full_v4_features,88,88,0,,ksf-v4-idsplit::
classical_ext,svc,6,matern15_med_x0.3__svc__d6,matern15_med_x0.3,id_test,fixed_c1,1.0,,0.004989147186279297,0.944,0.943173809981421,0.9438238315356959,0.946969696969697,0.9889166506502658,0.9630899566874357,full_v4_features,88,88,0,,ksf-v4-idsplit::
classical_ext,svc,6,matern15_med_x0.3__svc__d6,matern15_med_x0.3,ood_test,fixed_c1,1.0,,0.004989147186279297,0.956,0.9559992959887358,0.9559992959887358,0.9558232931726908,0.9817917086673386,0.9718601922553234,full_v4_features,88,88,0,,ksf-v4-idsplit::
classical_ext,svc,6,matern15_med_x3__svc__d6,matern15_med_x3,id_val,fixed_c1,1.0,,0.004637956619262695,0.924,0.9227689153693382,0.9236469434665895,0.9288389513108615,0.9856493048882055,0.9880807609600661,full_v4_features,88,88,0,,ksf-v4-idsplit::
classical_ext,svc,6,matern15_med_x3__svc__d6,matern15_med_x3,id_test,fixed_c1,1.0,,0.004637956619262695,0.932,0.9312896405919662,0.9318156294620654,0.935361216730038,0.9880197322057788,0.9872735382626354,full_v4_features,88,88,0,,ksf-v4-idsplit::
classical_ext,svc,6,matern15_med_x3__svc__d6,matern15_med_x3,ood_test,fixed_c1,1.0,,0.004637956619262695,0.654,0.6540984655754492,0.6538324549081755,0.6614481409001957,0.7893406294500711,0.8409478409990775,full_v4_features,88,88,0,,ksf-v4-idsplit::
classical_ext,svc,6,matern15_med_x10__svc__d6,matern15_med_x10,id_val,fixed_c1,1.0,,0.008009195327758789,0.844,0.8390992376193223,0.8387763538652335,0.8677966101694915,0.9803318598244602,0.9824300219704236,full_v4_features,88,88,0,,ksf-v4-idsplit::
classical_ext,svc,6,matern15_med_x10__svc__d6,matern15_med_x10,id_test,fixed_c1,1.0,,0.008009195327758789,0.848,0.8429752066115703,0.8426735559088501,0.8716216216216216,0.9775770388878211,0.9747619569283633,full_v4_features,88,88,0,,ksf-v4-idsplit::
classical_ext,svc,6,matern15_med_x10__svc__d6,matern15_med_x10,ood_test,fixed_c1,1.0,,0.008009195327758789,0.64,0.6401542424678794,0.6395328345535815,0.6525096525096525,0.7254836077377238,0.7759847366438662,full_v4_features,88,88,0,,ksf-v4-idsplit::
classical_ext,svc,6,matern25_med_x0.1__svc__d6,matern25_med_x0.1,id_val,fixed_c1,1.0,,0.005006313323974609,0.976,0.9767441860465116,0.9759984639016897,0.9761904761904762,0.9993593439682235,0.9993990023378125,full_v4_features,88,88,0,,ksf-v4-idsplit::
classical_ext,svc,6,matern25_med_x0.1__svc__d6,matern25_med_x0.1,id_test,fixed_c1,1.0,,0.005006313323974609,0.976,0.9762316612210904,0.9759861680327868,0.9765625,0.9912230123646614,0.9688600272005873,full_v4_features,88,88,0,,ksf-v4-idsplit::
classical_ext,svc,6,matern25_med_x0.1__svc__d6,matern25_med_x0.1,ood_test,fixed_c1,1.0,,0.005006313323974609,0.954,0.9539912638602217,0.9539983439403819,0.9537223340040242,0.9872477959647354,0.9727709428255593,full_v4_features,88,88,0,,ksf-v4-idsplit::
classical_ext,svc,6,matern25_med_x0.3__svc__d6,matern25_med_x0.3,id_val,fixed_c1,1.0,,0.006006956100463867,0.924,0.9230251777820488,0.9237254114813328,0.9283018867924528,0.9880837978089563,0.9926226797381926,full_v4_features,88,88,0,,ksf-v4-idsplit::
classical_ext,svc,6,matern25_med_x0.3__svc__d6,matern25_med_x0.3,id_test,fixed_c1,1.0,,0.006006956100463867,0.944,0.943173809981421,0.9438238315356959,0.946969696969697,0.9889166506502658,0.9630899820144795,full_v4_features,88,88,0,,ksf-v4-idsplit::
classical_ext,svc,6,matern25_med_x0.3__svc__d6,matern25_med_x0.3,ood_test,fixed_c1,1.0,,0.006006956100463867,0.946,0.946039136626186,0.9459980559300134,0.9463220675944334,0.9789116625866012,0.9761172728847198,full_v4_features,88,88,0,,ksf-v4-idsplit::
classical_ext,svc,6,matern25_med_x3__svc__d6,matern25_med_x3,id_val,fixed_c1,1.0,,0.005087137222290039,0.92,0.9188929463770902,0.9196709723025512,0.924812030075188,0.9855852392850278,0.9880299178250784,full_v4_features,88,88,0,,ksf-v4-idsplit::
classical_ext,svc,6,matern25_med_x3__svc__d6,matern25_med_x3,id_test,fixed_c1,1.0,,0.005087137222290039,0.932,0.9312896405919662,0.9318156294620654,0.935361216730038,0.9880837978089564,0.9878697923391643,full_v4_features,88,88,0,,ksf-v4-idsplit::
classical_ext,svc,6,matern25_med_x3__svc__d6,matern25_med_x3,ood_test,fixed_c1,1.0,,0.005087137222290039,0.65,0.6501144018304292,0.6497632399502062,0.6588693957115009,0.7989087825405206,0.8419251036944552,full_v4_features,88,88,0,,ksf-v4-idsplit::
classical_ext,svc,6,matern25_med_x10__svc__d6,matern25_med_x10,id_val,fixed_c1,1.0,,0.007960319519042969,0.788,0.78099173553719,0.7745793565729258,0.8295819935691319,0.9809725158562368,0.9829356246957073,full_v4_features,88,88,0,,ksf-v4-idsplit::
classical_ext,svc,6,matern25_med_x10__svc__d6,matern25_med_x10,id_test,fixed_c1,1.0,,0.007960319519042969,0.756,0.7479338842975207,0.7358804274407247,0.8087774294670846,0.9780895637132423,0.9774074441818726,full_v4_features,88,88,0,,ksf-v4-idsplit::
classical_ext,svc,6,matern25_med_x10__svc__d6,matern25_med_x10,ood_test,fixed_c1,1.0,,0.007960319519042969,0.54,0.5405526488423815,0.5313315075639019,0.5950704225352113,0.7334037344597513,0.7867594668986917,full_v4_features,88,88,0,,ksf-v4-idsplit::
quantum,svc,6,zz_r1_full__as0.5__svc__d6,zz_r1_full__as0.5,id_val,fixed_c1,1.0,,0.004999637603759766,0.976,0.9767441860465116,0.9759984639016897,0.9761904761904762,0.9910948811583061,0.9943837840140379,full_v4_features,88,88,0,,ksf-v4-idsplit::
quantum,svc,6,zz_r1_full__as0.5__svc__d6,zz_r1_full__as0.5,id_test,fixed_c1,1.0,,0.004999637603759766,0.976,0.9762316612210904,0.9759861680327868,0.9765625,0.9911589467614838,0.9649906213279217,full_v4_features,88,88,0,,ksf-v4-idsplit::
quantum,svc,6,zz_r1_full__as0.5__svc__d6,zz_r1_full__as0.5,ood_test,fixed_c1,1.0,,0.004999637603759766,0.956,0.9559992959887358,0.9559992959887358,0.9558232931726908,0.9844157506520105,0.9712209407875376,full_v4_features,88,88,0,,ksf-v4-idsplit::
quantum,svc,6,zz_r2_full__as0.5__svc__d6,zz_r2_full__as0.5,id_val,fixed_c1,1.0,,0.0069539546966552734,0.976,0.9767441860465116,0.9759984639016897,0.9761904761904762,1.0,1.0,full_v4_features,88,88,0,,ksf-v4-idsplit::
quantum,svc,6,zz_r2_full__as0.5__svc__d6,zz_r2_full__as0.5,id_test,fixed_c1,1.0,,0.0069539546966552734,0.976,0.9762316612210904,0.9759861680327868,0.9765625,0.9912230123646615,0.9732594191881896,full_v4_features,88,88,0,,ksf-v4-idsplit::
quantum,svc,6,zz_r2_full__as0.5__svc__d6,zz_r2_full__as0.5,ood_test,fixed_c1,1.0,,0.0069539546966552734,0.948,0.9479191667066673,0.9479700307377049,0.9467213114754098,0.9853597657562521,0.989341612546756,full_v4_features,88,88,0,,ksf-v4-idsplit::
quantum,svc,6,pauli_xz_r1_full__as0.5__svc__d6,pauli_xz_r1_full__as0.5,id_val,fixed_c1,1.0,,0.006028413772583008,0.924,0.9230251777820488,0.9237254114813328,0.9283018867924528,0.9904542251265295,0.9927646843156166,full_v4_features,88,88,0,,ksf-v4-idsplit::
quantum,svc,6,pauli_xz_r1_full__as0.5__svc__d6,pauli_xz_r1_full__as0.5,id_test,fixed_c1,1.0,,0.006028413772583008,0.944,0.943173809981421,0.9438238315356959,0.946969696969697,0.9923121276186815,0.9908456259092531,full_v4_features,88,88,0,,ksf-v4-idsplit::
quantum,svc,6,pauli_xz_r1_full__as0.5__svc__d6,pauli_xz_r1_full__as0.5,ood_test,fixed_c1,1.0,,0.006028413772583008,0.814,0.8134130146082337,0.8097186700767263,0.7811764705882352,0.9643034288548616,0.9706911765640795,full_v4_features,88,88,0,,ksf-v4-idsplit::
quantum,svc,6,zmap_r2__as0.5__svc__d6,zmap_r2__as0.5,id_val,fixed_c1,1.0,,0.004628181457519531,0.924,0.9230251777820488,0.9237254114813328,0.9283018867924528,0.9898776346979307,0.9929551699712186,full_v4_features,88,88,0,,ksf-v4-idsplit::
quantum,svc,6,zmap_r2__as0.5__svc__d6,zmap_r2__as0.5,id_test,fixed_c1,1.0,,0.004628181457519531,0.944,0.943173809981421,0.9438238315356959,0.946969696969697,0.9901979627138189,0.9804028596206309,full_v4_features,88,88,0,,ksf-v4-idsplit::
quantum,svc,6,zmap_r2__as0.5__svc__d6,zmap_r2__as0.5,ood_test,fixed_c1,1.0,,0.004628181457519531,0.814,0.8134130146082337,0.8097186700767263,0.7811764705882352,0.960191363061809,0.9665527802006486,full_v4_features,88,88,0,,ksf-v4-idsplit::
quantum,svc,6,zz_r1_full__svc__d6,zz_r1_full,id_val,fixed_c1,1.0,,0.0062253475189208984,0.984,0.9844961240310077,0.9839959029511556,0.984251968503937,1.0,1.0,full_v4_features,88,88,0,,ksf-v4-idsplit::
quantum,svc,6,zz_r1_full__svc__d6,zz_r1_full,id_test,fixed_c1,1.0,,0.0062253475189208984,0.984,0.9839835992055865,0.9839835992055865,0.9844961240310077,0.9919917996027933,0.9801712819769256,full_v4_features,88,88,0,,ksf-v4-idsplit::
quantum,svc,6,zz_r1_full__svc__d6,zz_r1_full,ood_test,fixed_c1,1.0,,0.0062253475189208984,0.944,0.9438391014256229,0.9438913736994822,0.9414225941422594,0.9857117713883421,0.9880950570266401,full_v4_features,88,88,0,,ksf-v4-idsplit::
quantum,svc,6,zz_r2_full__svc__d6,zz_r2_full,id_val,fixed_c1,1.0,,0.005265474319458008,0.996,0.9961240310077519,0.995996861539447,0.9961089494163424,1.0,1.0,full_v4_features,88,88,0,,ksf-v4-idsplit::
quantum,svc,6,zz_r2_full__svc__d6,zz_r2_full,id_test,fixed_c1,1.0,,0.005265474319458008,0.992,0.9917355371900827,0.9919871794871795,0.9923076923076923,0.9945544237298993,0.9922490770695869,full_v4_features,88,88,0,,ksf-v4-idsplit::
quantum,svc,6,zz_r2_full__svc__d6,zz_r2_full,ood_test,fixed_c1,1.0,,0.005265474319458008,0.96,0.9599193587097394,0.9599769467213115,0.9590163934426229,0.9890558248931982,0.9892266282993966,full_v4_features,88,88,0,,ksf-v4-idsplit::
quantum,svc,6,pauli_xz_r1_full__svc__d6,pauli_xz_r1_full,id_val,fixed_c1,1.0,,0.004513263702392578,0.924,0.9230251777820488,0.9237254114813328,0.9283018867924528,0.9812287782689475,0.977413597984209,full_v4_features,88,88,0,,ksf-v4-idsplit::
quantum,svc,6,pauli_xz_r1_full__svc__d6,pauli_xz_r1_full,id_test,fixed_c1,1.0,,0.004513263702392578,0.944,0.943173809981421,0.9438238315356959,0.946969696969697,0.9901979627138189,0.9813700485527574,full_v4_features,88,88,0,,ksf-v4-idsplit::
quantum,svc,6,pauli_xz_r1_full__svc__d6,pauli_xz_r1_full,ood_test,fixed_c1,1.0,,0.004513263702392578,0.954,0.9539912638602217,0.9539983439403819,0.9537223340040242,0.97035152562441,0.9778206255000663,full_v4_features,88,88,0,,ksf-v4-idsplit::
quantum,svc,6,zmap_r2__svc__d6,zmap_r2,id_val,fixed_c1,1.0,,0.0049974918365478516,0.924,0.9230251777820488,0.9237254114813328,0.9283018867924528,0.9915433403805497,0.9934695908620848,full_v4_features,88,88,0,,ksf-v4-idsplit::
quantum,svc,6,zmap_r2__svc__d6,zmap_r2,id_test,fixed_c1,1.0,,0.0049974918365478516,0.944,0.943173809981421,0.9438238315356959,0.946969696969697,0.9889166506502659,0.9768953286946934,full_v4_features,88,88,0,,ksf-v4-idsplit::
quantum,svc,6,zmap_r2__svc__d6,zmap_r2,ood_test,fixed_c1,1.0,,0.0049974918365478516,0.942,0.9420550728811661,0.9419941994199419,0.9425742574257425,0.9783196531144497,0.9832630660797216,full_v4_features,88,88,0,,ksf-v4-idsplit::
quantum,svc,6,zz_r1_full__as2__svc__d6,zz_r1_full__as2,id_val,fixed_c1,1.0,,0.00603175163269043,0.996,0.9961240310077519,0.995996861539447,0.9961089494163424,1.0,1.0,full_v4_features,88,88,0,,ksf-v4-idsplit::
quantum,svc,6,zz_r1_full__as2__svc__d6,zz_r1_full__as2,id_test,fixed_c1,1.0,,0.00603175163269043,0.992,0.9917355371900827,0.9919871794871795,0.9923076923076923,0.9997437375872894,0.9997609952437441,full_v4_features,88,88,0,,ksf-v4-idsplit::
quantum,svc,6,zz_r1_full__as2__svc__d6,zz_r1_full__as2,ood_test,fixed_c1,1.0,,0.00603175163269043,0.95,0.9499111985791773,0.9499661771357437,0.9486652977412731,0.9859517752284036,0.9897414580500593,full_v4_features,88,88,0,,ksf-v4-idsplit::
quantum,svc,6,zz_r2_full__as2__svc__d6,zz_r2_full__as2,id_val,fixed_c1,1.0,,0.0055882930755615234,0.988,0.9881158306105452,0.9879905846183408,0.9883268482490273,0.9997437375872895,0.9997623892173866,full_v4_features,88,88,0,,ksf-v4-idsplit::
quantum,svc,6,zz_r2_full__as2__svc__d6,zz_r2_full__as2,id_test,fixed_c1,1.0,,0.0055882930755615234,0.992,0.9917355371900827,0.9919871794871795,0.9923076923076923,0.9996796719841117,0.9996999563619764,full_v4_features,88,88,0,,ksf-v4-idsplit::
quantum,svc,6,zz_r2_full__as2__svc__d6,zz_r2_full__as2,ood_test,fixed_c1,1.0,,0.0055882930755615234,0.946,0.9459271348341574,0.9459738513440505,0.9447852760736196,0.9711515384246147,0.9826009182262904,full_v4_features,88,88,0,,ksf-v4-idsplit::
quantum,svc,6,pauli_xz_r1_full__as2__svc__d6,pauli_xz_r1_full__as2,id_val,fixed_c1,1.0,,0.0050008296966552734,0.924,0.9230251777820488,0.9237254114813328,0.9283018867924528,0.9675187391889295,0.9823043459997248,full_v4_features,88,88,0,,ksf-v4-idsplit::
quantum,svc,6,pauli_xz_r1_full__as2__svc__d6,pauli_xz_r1_full__as2,id_test,fixed_c1,1.0,,0.0050008296966552734,0.94,0.9390415785764623,0.9397832195905259,0.9433962264150944,0.9772567108719329,0.972994050542546,full_v4_features,88,88,0,,ksf-v4-idsplit::
quantum,svc,6,pauli_xz_r1_full__as2__svc__d6,pauli_xz_r1_full__as2,ood_test,fixed_c1,1.0,,0.0050008296966552734,0.944,0.9440311044976719,0.9439991039856638,0.9442231075697212,0.9794396710347365,0.9859570255036801,full_v4_features,88,88,0,,ksf-v4-idsplit::
quantum,svc,6,zmap_r2__as2__svc__d6,zmap_r2__as2,id_val,fixed_c1,1.0,,0.003998994827270508,0.976,0.9764879236338011,0.9759938544267333,0.9763779527559056,0.9751425459670704,0.9853271565795076,full_v4_features,88,88,0,,ksf-v4-idsplit::
quantum,svc,6,zmap_r2__as2__svc__d6,zmap_r2__as2,id_test,fixed_c1,1.0,,0.003998994827270508,0.976,0.9762316612210904,0.9759861680327868,0.9765625,0.9791786789672624,0.9581542344856118,full_v4_features,88,88,0,,ksf-v4-idsplit::
quantum,svc,6,zmap_r2__as2__svc__d6,zmap_r2__as2,ood_test,fixed_c1,1.0,,0.003998994827270508,0.936,0.9360789772636362,0.935983611804622,0.937007874015748,0.9694235107761725,0.9653526901480931,full_v4_features,88,88,0,,ksf-v4-idsplit::
classical_ext,svc,8,linear__svc__d8,linear,id_val,fixed_c1,1.0,,0.004607200622558594,0.944,0.9424050227432892,0.9436392914653784,0.9481481481481482,0.9869306169517585,0.9892341210912436,full_v4_features,88,88,0,,ksf-v4-idsplit::
classical_ext,svc,8,linear__svc__d8,linear,id_test,fixed_c1,1.0,,0.004607200622558594,0.952,0.9509257479659171,0.9518025833815307,0.9548872180451128,0.9907745531424178,0.9912394544197664,full_v4_features,88,88,0,,ksf-v4-idsplit::
classical_ext,svc,8,linear__svc__d8,linear,ood_test,fixed_c1,1.0,,0.004607200622558594,0.652,0.6521064337029392,0.6517994364754098,0.66015625,0.7835805372885967,0.8466059514904133,full_v4_features,88,88,0,,ksf-v4-idsplit::
classical_ext,svc,8,rbf_gscale__svc__d8,rbf_gscale,id_val,fixed_c1,1.0,,0.004999637603759766,0.924,0.9230251777820488,0.9237254114813328,0.9283018867924528,0.989813569094753,0.9928191115517356,full_v4_features,88,88,0,,ksf-v4-idsplit::
classical_ext,svc,8,rbf_gscale__svc__d8,rbf_gscale,id_test,fixed_c1,1.0,,0.004999637603759766,0.944,0.943173809981421,0.9438238315356959,0.946969696969697,0.991863668396438,0.9892730365226633,full_v4_features,88,88,0,,ksf-v4-idsplit::
classical_ext,svc,8,rbf_gscale__svc__d8,rbf_gscale,ood_test,fixed_c1,1.0,,0.004999637603759766,0.814,0.8134130146082337,0.8097186700767263,0.7811764705882352,0.9560472967567482,0.9647724380883544,full_v4_features,88,88,0,,ksf-v4-idsplit::
classical_ext,svc,8,poly2__svc__d8,poly2,id_val,fixed_c1,1.0,,0.0050809383392333984,0.924,0.9230251777820488,0.9237254114813328,0.9283018867924528,0.9863540265231597,0.9888698425158121,full_v4_features,88,88,0,,ksf-v4-idsplit::
classical_ext,svc,8,poly2__svc__d8,poly2,id_test,fixed_c1,1.0,,0.0050809383392333984,0.944,0.943173809981421,0.9438238315356959,0.946969696969697,0.9901338971106413,0.9907376370755314,full_v4_features,88,88,0,,ksf-v4-idsplit::
classical_ext,svc,8,poly2__svc__d8,poly2,ood_test,fixed_c1,1.0,,0.0050809383392333984,0.814,0.8134130146082337,0.8097186700767263,0.7811764705882352,0.7884126146018335,0.8525410508587754,full_v4_features,88,88,0,,ksf-v4-idsplit::
classical_ext,svc,8,poly3__svc__d8,poly3,id_val,fixed_c1,1.0,,0.004820108413696289,0.924,0.9230251777820488,0.9237254114813328,0.9283018867924528,0.9891088474597989,0.991211614657441,full_v4_features,88,88,0,,ksf-v4-idsplit::
classical_ext,svc,8,poly3__svc__d8,poly3,id_test,fixed_c1,1.0,,0.004820108413696289,0.944,0.943173809981421,0.9438238315356959,0.946969696969697,0.9926965212377474,0.9930144919714526,full_v4_features,88,88,0,,ksf-v4-idsplit::
classical_ext,svc,8,poly3__svc__d8,poly3,ood_test,fixed_c1,1.0,,0.004820108413696289,0.814,0.8134130146082337,0.8097186700767263,0.7811764705882352,0.817629082065313,0.8662283841060147,full_v4_features,88,88,0,,ksf-v4-idsplit::
classical_ext,svc,8,laplacian_med__svc__d8,laplacian_med,id_val,fixed_c1,1.0,,0.004511117935180664,0.972,0.972611954641553,0.9719959674193084,0.9723320158102767,0.9949388173489654,0.9956156867311996,full_v4_features,88,88,0,,ksf-v4-idsplit::
classical_ext,svc,8,laplacian_med__svc__d8,laplacian_med,id_test,fixed_c1,1.0,,0.004511117935180664,0.98,0.9803638926260491,0.9799919967987194,0.9803921568627451,0.9966685886347619,0.997033552206564,full_v4_features,88,88,0,,ksf-v4-idsplit::
classical_ext,svc,8,laplacian_med__svc__d8,laplacian_med,ood_test,fixed_c1,1.0,,0.004511117935180664,0.922,0.9218467495479927,0.921862164858811,0.918580375782881,0.973999583993344,0.9789258623780396,full_v4_features,88,88,0,,ksf-v4-idsplit::
classical_ext,svc,8,matern15_med__svc__d8,matern15_med,id_val,fixed_c1,1.0,,0.0037584304809570312,0.924,0.9230251777820488,0.9237254114813328,0.9283018867924528,0.9884681914280223,0.9924614696374681,full_v4_features,88,88,0,,ksf-v4-idsplit::
classical_ext,svc,8,matern15_med__svc__d8,matern15_med,id_test,fixed_c1,1.0,,0.0037584304809570312,0.944,0.943173809981421,0.9438238315356959,0.946969696969697,0.9919917996027933,0.9893702452411867,full_v4_features,88,88,0,,ksf-v4-idsplit::
classical_ext,svc,8,matern15_med__svc__d8,matern15_med,ood_test,fixed_c1,1.0,,0.0037584304809570312,0.814,0.8134130146082337,0.8097186700767263,0.7811764705882352,0.9511032176514823,0.9591704108897205,full_v4_features,88,88,0,,ksf-v4-idsplit::
classical_ext,svc,8,matern25_med__svc__d8,matern25_med,id_val,fixed_c1,1.0,,0.005530357360839844,0.924,0.9230251777820488,0.9237254114813328,0.9283018867924528,0.9908386187455954,0.9932004180029642,full_v4_features,88,88,0,,ksf-v4-idsplit::
classical_ext,svc,8,matern25_med__svc__d8,matern25_med,id_test,fixed_c1,1.0,,0.005530357360839844,0.944,0.943173809981421,0.9438238315356959,0.946969696969697,0.9905182907297072,0.9883758797539077,full_v4_features,88,88,0,,ksf-v4-idsplit::
classical_ext,svc,8,matern25_med__svc__d8,matern25_med,ood_test,fixed_c1,1.0,,0.005530357360839844,0.814,0.8134130146082337,0.8097186700767263,0.7811764705882352,0.9116465863453815,0.9309891428893651,full_v4_features,88,88,0,,ksf-v4-idsplit::
classical_ext,svc,8,rbf_gscale_x0.1__svc__d8,rbf_gscale_x0.1,id_val,fixed_c1,1.0,,0.004994630813598633,0.948,0.9465372541482477,0.9476979030882376,0.9516728624535316,0.9857774360945608,0.988344576742397,full_v4_features,88,88,0,,ksf-v4-idsplit::
classical_ext,svc,8,rbf_gscale_x0.1__svc__d8,rbf_gscale_x0.1,id_test,fixed_c1,1.0,,0.004994630813598633,0.952,0.9509257479659171,0.9518025833815307,0.9548872180451128,0.9893651098725095,0.9883483386166465,full_v4_features,88,88,0,,ksf-v4-idsplit::
classical_ext,svc,8,rbf_gscale_x0.1__svc__d8,rbf_gscale_x0.1,ood_test,fixed_c1,1.0,,0.004994630813598633,0.652,0.6521064337029392,0.6517994364754098,0.66015625,0.77183634938159,0.8318869583267783,full_v4_features,88,88,0,,ksf-v4-idsplit::
classical_ext,svc,8,rbf_gscale_x0.3__svc__d8,rbf_gscale_x0.3,id_val,fixed_c1,1.0,,0.00498199462890625,0.924,0.9230251777820488,0.9237254114813328,0.9283018867924528,0.988147863412134,0.9908103949495289,full_v4_features,88,88,0,,ksf-v4-idsplit::
classical_ext,svc,8,rbf_gscale_x0.3__svc__d8,rbf_gscale_x0.3,id_test,fixed_c1,1.0,,0.00498199462890625,0.944,0.943173809981421,0.9438238315356959,0.946969696969697,0.9899417003011084,0.9895492704033753,full_v4_features,88,88,0,,ksf-v4-idsplit::
classical_ext,svc,8,rbf_gscale_x0.3__svc__d8,rbf_gscale_x0.3,ood_test,fixed_c1,1.0,,0.00498199462890625,0.814,0.8134130146082337,0.8097186700767263,0.7811764705882352,0.8050048800780811,0.8606207990235661,full_v4_features,88,88,0,,ksf-v4-idsplit::
classical_ext,svc,8,rbf_gscale_x3__svc__d8,rbf_gscale_x3,id_val,fixed_c1,1.0,,0.0040090084075927734,0.924,0.9230251777820488,0.9237254114813328,0.9283018867924528,0.9880837978089563,0.9926226797381926,full_v4_features,88,88,0,,ksf-v4-idsplit::
classical_ext,svc,8,rbf_gscale_x3__svc__d8,rbf_gscale_x3,id_test,fixed_c1,1.0,,0.0040090084075927734,0.944,0.943173809981421,0.9438238315356959,0.946969696969697,0.9906464219360626,0.985563124961981,full_v4_features,88,88,0,,ksf-v4-idsplit::
classical_ext,svc,8,rbf_gscale_x3__svc__d8,rbf_gscale_x3,ood_test,fixed_c1,1.0,,0.0040090084075927734,0.9,0.8997583961343382,0.8995887153781891,0.8931623931623932,0.9758716139458231,0.9807099671065485,full_v4_features,88,88,0,,ksf-v4-idsplit::
classical_ext,svc,8,rbf_gscale_x10__svc__d8,rbf_gscale_x10,id_val,fixed_c1,1.0,,0.005000591278076172,0.928,0.9271574091870075,0.927773497688752,0.9318181818181818,0.9945544237298993,0.9953181202549385,full_v4_features,88,88,0,,ksf-v4-idsplit::
classical_ext,svc,8,rbf_gscale_x10__svc__d8,rbf_gscale_x10,id_test,fixed_c1,1.0,,0.005000591278076172,0.94,0.9390415785764623,0.9397832195905259,0.9433962264150944,0.9884041258248446,0.962698024103338,full_v4_features,88,88,0,,ksf-v4-idsplit::
classical_ext,svc,8,rbf_gscale_x10__svc__d8,rbf_gscale_x10,ood_test,fixed_c1,1.0,,0.005000591278076172,0.956,0.9558872941967071,0.9559548978153629,0.9545454545454546,0.9874877998047968,0.9730891125350164,full_v4_features,88,88,0,,ksf-v4-idsplit::
classical_ext,svc,8,laplacian_med_x0.1__svc__d8,laplacian_med_x0.1,id_val,fixed_c1,1.0,,0.0065076351165771484,0.996,0.9961240310077519,0.995996861539447,0.9961089494163424,0.9999359343968224,0.9999403697078115,full_v4_features,88,88,0,,ksf-v4-idsplit::
classical_ext,svc,8,laplacian_med_x0.1__svc__d8,laplacian_med_x0.1,id_test,fixed_c1,1.0,,0.0065076351165771484,0.988,0.9878595681978346,0.9879844278184527,0.9884169884169884,0.9996156063809342,0.9996422041323556,full_v4_features,88,88,0,,ksf-v4-idsplit::
classical_ext,svc,8,laplacian_med_x0.1__svc__d8,laplacian_med_x0.1,ood_test,fixed_c1,1.0,,0.0065076351165771484,0.954,0.9538792620681931,0.9539467624574007,0.9523809523809523,0.9844797516760267,0.9804728769968979,full_v4_features,88,88,0,,ksf-v4-idsplit::
classical_ext,svc,8,laplacian_med_x0.3__svc__d8,laplacian_med_x0.3,id_val,fixed_c1,1.0,,0.005180835723876953,0.992,0.9919917996027933,0.9919917996027933,0.9922480620155039,0.9999359343968224,0.9999403697078115,full_v4_features,88,88,0,,ksf-v4-idsplit::
classical_ext,svc,8,laplacian_med_x0.3__svc__d8,laplacian_med_x0.3,id_test,fixed_c1,1.0,,0.005180835723876953,0.988,0.9881158306105452,0.9879905846183408,0.9883268482490273,0.9992312127618681,0.9992641039054815,full_v4_features,88,88,0,,ksf-v4-idsplit::
classical_ext,svc,8,laplacian_med_x0.3__svc__d8,laplacian_med_x0.3,ood_test,fixed_c1,1.0,,0.005180835723876953,0.958,0.9578953263252212,0.9579621659493545,0.9567010309278351,0.9833917342677482,0.9716640846755834,full_v4_features,88,88,0,,ksf-v4-idsplit::
classical_ext,svc,8,laplacian_med_x3__svc__d8,laplacian_med_x3,id_val,fixed_c1,1.0,,0.007031917572021484,0.924,0.9230251777820488,0.9237254114813328,0.9283018867924528,0.9946825549362547,0.9954208088008203,full_v4_features,88,88,0,,ksf-v4-idsplit::
classical_ext,svc,8,laplacian_med_x3__svc__d8,laplacian_med_x3,id_test,fixed_c1,1.0,,0.007031917572021484,0.944,0.943173809981421,0.9438238315356959,0.946969696969697,0.9926324556345698,0.9912432506929449,full_v4_features,88,88,0,,ksf-v4-idsplit::
classical_ext,svc,8,laplacian_med_x3__svc__d8,laplacian_med_x3,ood_test,fixed_c1,1.0,,0.007031917572021484,0.814,0.8134130146082337,0.8097186700767263,0.7811764705882352,0.948879182066913,0.9563994983971353,full_v4_features,88,88,0,,ksf-v4-idsplit::
classical_ext,svc,8,laplacian_med_x10__svc__d8,laplacian_med_x10,id_val,fixed_c1,1.0,,0.0044405460357666016,0.944,0.9424050227432892,0.9436392914653784,0.9481481481481482,0.9909026843487732,0.9920023063729766,full_v4_features,88,88,0,,ksf-v4-idsplit::
classical_ext,svc,8,laplacian_med_x10__svc__d8,laplacian_med_x10,id_test,fixed_c1,1.0,,0.0044405460357666016,0.952,0.9509257479659171,0.9518025833815307,0.9548872180451128,0.9893010442693317,0.986446811204973,full_v4_features,88,88,0,,ksf-v4-idsplit::
classical_ext,svc,8,laplacian_med_x10__svc__d8,laplacian_med_x10,ood_test,fixed_c1,1.0,,0.0044405460357666016,0.652,0.6521064337029392,0.6517994364754098,0.66015625,0.8287972607561719,0.8584451053320922,full_v4_features,88,88,0,,ksf-v4-idsplit::
classical_ext,svc,8,matern15_med_x0.1__svc__d8,matern15_med_x0.1,id_val,fixed_c1,1.0,,0.005125761032104492,0.984,0.9844961240310077,0.9839959029511556,0.984251968503937,1.0,1.0,full_v4_features,88,88,0,,ksf-v4-idsplit::
classical_ext,svc,8,matern15_med_x0.1__svc__d8,matern15_med_x0.1,id_test,fixed_c1,1.0,,0.005125761032104492,0.98,0.9801076302133385,0.9799843076972345,0.980544747081712,0.9930809148568134,0.9880616064113332,full_v4_features,88,88,0,,ksf-v4-idsplit::
classical_ext,svc,8,matern15_med_x0.1__svc__d8,matern15_med_x0.1,ood_test,fixed_c1,1.0,,0.005125761032104492,0.95,0.9498471975551609,0.9499116441402634,0.9478079331941545,0.986191779068465,0.9721895451519232,full_v4_features,88,88,0,,ksf-v4-idsplit::
classical_ext,svc,8,matern15_med_x0.3__svc__d8,matern15_med_x0.3,id_val,fixed_c1,1.0,,0.003998994827270508,0.924,0.9230251777820488,0.9237254114813328,0.9283018867924528,0.9948747517457877,0.995567124182637,full_v4_features,88,88,0,,ksf-v4-idsplit::
classical_ext,svc,8,matern15_med_x0.3__svc__d8,matern15_med_x0.3,id_test,fixed_c1,1.0,,0.003998994827270508,0.944,0.943173809981421,0.9438238315356959,0.946969696969697,0.9891088474597988,0.969602278077832,full_v4_features,88,88,0,,ksf-v4-idsplit::
classical_ext,svc,8,matern15_med_x0.3__svc__d8,matern15_med_x0.3,ood_test,fixed_c1,1.0,,0.003998994827270508,0.946,0.9458151330421287,0.9458646616541353,0.9431578947368421,0.9845917534680554,0.9740242303226141,full_v4_features,88,88,0,,ksf-v4-idsplit::
classical_ext,svc,8,matern15_med_x3__svc__d8,matern15_med_x3,id_val,fixed_c1,1.0,,0.004425048828125,0.944,0.9424050227432892,0.9436392914653784,0.9481481481481482,0.9863540265231597,0.9889936208507434,full_v4_features,88,88,0,,ksf-v4-idsplit::
classical_ext,svc,8,matern15_med_x3__svc__d8,matern15_med_x3,id_test,fixed_c1,1.0,,0.004425048828125,0.952,0.9509257479659171,0.9518025833815307,0.9548872180451128,0.9898776346979307,0.9888286168002719,full_v4_features,88,88,0,,ksf-v4-idsplit::
classical_ext,svc,8,matern15_med_x3__svc__d8,matern15_med_x3,ood_test,fixed_c1,1.0,,0.004425048828125,0.65,0.6501144018304292,0.6497632399502062,0.6588693957115009,0.76750028000448,0.8295639732836932,full_v4_features,88,88,0,,ksf-v4-idsplit::
classical_ext,svc,8,matern15_med_x10__svc__d8,matern15_med_x10,id_val,fixed_c1,1.0,,0.00701141357421875,0.936,0.9341405599333718,0.935500515995872,0.9411764705882353,0.9696969696969697,0.9710918788502189,full_v4_features,88,88,0,,ksf-v4-idsplit::
classical_ext,svc,8,matern15_med_x10__svc__d8,matern15_med_x10,id_test,fixed_c1,1.0,,0.00701141357421875,0.948,0.9467935165609584,0.947758435003456,0.951310861423221,0.9759113332052021,0.9727645886716721,full_v4_features,88,88,0,,ksf-v4-idsplit::
classical_ext,svc,8,matern15_med_x10__svc__d8,matern15_med_x10,ood_test,fixed_c1,1.0,,0.00701141357421875,0.642,0.6421462743403894,0.641585673038032,0.6537717601547389,0.747019952319237,0.8120005043566525,full_v4_features,88,88,0,,ksf-v4-idsplit::
classical_ext,svc,8,matern25_med_x0.1__svc__d8,matern25_med_x0.1,id_val,fixed_c1,1.0,,0.005999565124511719,0.984,0.9844961240310077,0.9839959029511556,0.984251968503937,1.0,1.0,full_v4_features,88,88,0,,ksf-v4-idsplit::
classical_ext,svc,8,matern25_med_x0.1__svc__d8,matern25_med_x0.1,id_test,fixed_c1,1.0,,0.005999565124511719,0.98,0.9801076302133385,0.9799843076972345,0.980544747081712,0.9915433403805497,0.979037643479384,full_v4_features,88,88,0,,ksf-v4-idsplit::
classical_ext,svc,8,matern25_med_x0.1__svc__d8,matern25_med_x0.1,ood_test,fixed_c1,1.0,,0.005999565124511719,0.95,0.9498311972991568,0.9498939756524807,0.9475890985324947,0.9863197811164979,0.9722077886541234,full_v4_features,88,88,0,,ksf-v4-idsplit::
classical_ext,svc,8,matern25_med_x0.3__svc__d8,matern25_med_x0.3,id_val,fixed_c1,1.0,,0.004006385803222656,0.924,0.9230251777820488,0.9237254114813328,0.9283018867924528,0.9938497020949453,0.9948726797381926,full_v4_features,88,88,0,,ksf-v4-idsplit::
classical_ext,svc,8,matern25_med_x0.3__svc__d8,matern25_med_x0.3,id_test,fixed_c1,1.0,,0.004006385803222656,0.944,0.943173809981421,0.9438238315356959,0.946969696969697,0.9889166506502658,0.9630922387359397,full_v4_features,88,88,0,,ksf-v4-idsplit::
classical_ext,svc,8,matern25_med_x0.3__svc__d8,matern25_med_x0.3,ood_test,fixed_c1,1.0,,0.004006385803222656,0.924,0.9238387814205027,0.9238525785921544,0.9205020920502092,0.9819837117393878,0.9776965776988642,full_v4_features,88,88,0,,ksf-v4-idsplit::
classical_ext,svc,8,matern25_med_x3__svc__d8,matern25_med_x3,id_val,fixed_c1,1.0,,0.0050013065338134766,0.948,0.9465372541482477,0.9476979030882376,0.9516728624535316,0.984816452046896,0.9875344100834847,full_v4_features,88,88,0,,ksf-v4-idsplit::
classical_ext,svc,8,matern25_med_x3__svc__d8,matern25_med_x3,id_test,fixed_c1,1.0,,0.0050013065338134766,0.952,0.9509257479659171,0.9518025833815307,0.9548872180451128,0.9891088474597989,0.9878813084590393,full_v4_features,88,88,0,,ksf-v4-idsplit::
classical_ext,svc,8,matern25_med_x3__svc__d8,matern25_med_x3,ood_test,fixed_c1,1.0,,0.0050013065338134766,0.65,0.6501144018304292,0.6497632399502062,0.6588693957115009,0.7619161906590506,0.8247624029398288,full_v4_features,88,88,0,,ksf-v4-idsplit::
classical_ext,svc,8,matern25_med_x10__svc__d8,matern25_med_x10,id_val,fixed_c1,1.0,,0.00707244873046875,0.816,0.8101736177846115,0.8076794434410328,0.847682119205298,0.9647639182522905,0.9649252540679603,full_v4_features,88,88,0,,ksf-v4-idsplit::
classical_ext,svc,8,matern25_med_x10__svc__d8,matern25_med_x10,id_test,fixed_c1,1.0,,0.00707244873046875,0.8,0.7933884297520661,0.7886228354978355,0.8376623376623377,0.9691203792683708,0.9648922091398386,full_v4_features,88,88,0,,ksf-v4-idsplit::
classical_ext,svc,8,matern25_med_x10__svc__d8,matern25_med_x10,ood_test,fixed_c1,1.0,,0.00707244873046875,0.604,0.6042976687627002,0.6019364384971693,0.6305970149253731,0.7483479735675771,0.8112536064211604,full_v4_features,88,88,0,,ksf-v4-idsplit::
quantum,svc,8,zz_r1_full__as0.5__svc__d8,zz_r1_full__as0.5,id_val,fixed_c1,1.0,,0.0055124759674072266,0.984,0.9844961240310077,0.9839959029511556,0.984251968503937,1.0,1.0,full_v4_features,88,88,0,,ksf-v4-idsplit::
quantum,svc,8,zz_r1_full__as0.5__svc__d8,zz_r1_full__as0.5,id_test,fixed_c1,1.0,,0.0055124759674072266,0.98,0.9801076302133385,0.9799843076972345,0.980544747081712,0.998526491126914,0.998578328505993,full_v4_features,88,88,0,,ksf-v4-idsplit::
quantum,svc,8,zz_r1_full__as0.5__svc__d8,zz_r1_full__as0.5,ood_test,fixed_c1,1.0,,0.0055124759674072266,0.954,0.9538792620681931,0.9539467624574007,0.9523809523809523,0.9866557864925839,0.9723136282136309,full_v4_features,88,88,0,,ksf-v4-idsplit::
quantum,svc,8,zz_r2_full__as0.5__svc__d8,zz_r2_full__as0.5,id_val,fixed_c1,1.0,,0.005005359649658203,0.996,0.9961240310077519,0.995996861539447,0.9961089494163424,1.0,1.0,full_v4_features,88,88,0,,ksf-v4-idsplit::
quantum,svc,8,zz_r2_full__as0.5__svc__d8,zz_r2_full__as0.5,id_test,fixed_c1,1.0,,0.005005359649658203,0.992,0.9917355371900827,0.9919871794871795,0.9923076923076923,0.9992312127618681,0.999275955703138,full_v4_features,88,88,0,,ksf-v4-idsplit::
quantum,svc,8,zz_r2_full__as0.5__svc__d8,zz_r2_full__as0.5,ood_test,fixed_c1,1.0,,0.005005359649658203,0.954,0.953863261812189,0.9539334799450407,0.9521829521829522,0.9757596121537946,0.9845540527852916,full_v4_features,88,88,0,,ksf-v4-idsplit::
quantum,svc,8,pauli_xz_r1_full__as0.5__svc__d8,pauli_xz_r1_full__as0.5,id_val,fixed_c1,1.0,,0.006002187728881836,0.924,0.9230251777820488,0.9237254114813328,0.9283018867924528,0.9876353385867127,0.9922773542468912,full_v4_features,88,88,0,,ksf-v4-idsplit::
quantum,svc,8,pauli_xz_r1_full__as0.5__svc__d8,pauli_xz_r1_full__as0.5,id_test,fixed_c1,1.0,,0.006002187728881836,0.944,0.943173809981421,0.9438238315356959,0.946969696969697,0.9905182907297073,0.9859102638321422,full_v4_features,88,88,0,,ksf-v4-idsplit::
quantum,svc,8,pauli_xz_r1_full__as0.5__svc__d8,pauli_xz_r1_full__as0.5,ood_test,fixed_c1,1.0,,0.006002187728881836,0.9,0.8997583961343382,0.8995887153781891,0.8931623931623932,0.9681594905518488,0.973639766336117,full_v4_features,88,88,0,,ksf-v4-idsplit::
quantum,svc,8,zmap_r2__as0.5__svc__d8,zmap_r2__as0.5,id_val,fixed_c1,1.0,,0.004999876022338867,0.924,0.9230251777820488,0.9237254114813328,0.9283018867924528,0.9880837978089563,0.9926226797381926,full_v4_features,88,88,0,,ksf-v4-idsplit::
quantum,svc,8,zmap_r2__as0.5__svc__d8,zmap_r2__as0.5,id_test,fixed_c1,1.0,,0.004999876022338867,0.944,0.943173809981421,0.9438238315356959,0.946969696969697,0.9887244538407328,0.9825808637872423,full_v4_features,88,88,0,,ksf-v4-idsplit::
quantum,svc,8,zmap_r2__as0.5__svc__d8,zmap_r2__as0.5,ood_test,fixed_c1,1.0,,0.004999876022338867,0.9,0.8997583961343382,0.8995887153781891,0.8931623931623932,0.971519544312709,0.9760819815013757,full_v4_features,88,88,0,,ksf-v4-idsplit::
quantum,svc,8,zz_r1_full__svc__d8,zz_r1_full,id_val,fixed_c1,1.0,,0.0060024261474609375,0.996,0.9961240310077519,0.995996861539447,0.9961089494163424,1.0,1.0,full_v4_features,88,88,0,,ksf-v4-idsplit::
quantum,svc,8,zz_r1_full__svc__d8,zz_r1_full,id_test,fixed_c1,1.0,,0.0060024261474609375,0.992,0.9917355371900827,0.9919871794871795,0.9923076923076923,0.9992312127618681,0.999275955703138,full_v4_features,88,88,0,,ksf-v4-idsplit::
quantum,svc,8,zz_r1_full__svc__d8,zz_r1_full,ood_test,fixed_c1,1.0,,0.0060024261474609375,0.958,0.9578953263252212,0.9579621659493545,0.9567010309278351,0.9727675642810285,0.9833607950105786,full_v4_features,88,88,0,,ksf-v4-idsplit::
quantum,svc,8,zz_r2_full__svc__d8,zz_r2_full,id_val,fixed_c1,1.0,,0.008147716522216797,0.996,0.9961240310077519,0.995996861539447,0.9961089494163424,1.0,1.0,full_v4_features,88,88,0,,ksf-v4-idsplit::
quantum,svc,8,zz_r2_full__svc__d8,zz_r2_full,id_test,fixed_c1,1.0,,0.008147716522216797,0.992,0.9917355371900827,0.9919871794871795,0.9923076923076923,0.9994234095714012,0.9994576264293747,full_v4_features,88,88,0,,ksf-v4-idsplit::
quantum,svc,8,zz_r2_full__svc__d8,zz_r2_full,ood_test,fixed_c1,1.0,,0.008147716522216797,0.946,0.9458151330421287,0.9458646616541353,0.9431578947368421,0.964191427062833,0.9790970672690631,full_v4_features,88,88,0,,ksf-v4-idsplit::
quantum,svc,8,pauli_xz_r1_full__svc__d8,pauli_xz_r1_full,id_val,fixed_c1,1.0,,0.006428718566894531,0.924,0.9230251777820488,0.9237254114813328,0.9283018867924528,0.9826382215388558,0.9885939429273294,full_v4_features,88,88,0,,ksf-v4-idsplit::
quantum,svc,8,pauli_xz_r1_full__svc__d8,pauli_xz_r1_full,id_test,fixed_c1,1.0,,0.006428718566894531,0.944,0.943173809981421,0.9438238315356959,0.946969696969697,0.9808443846498816,0.9587033619734459,full_v4_features,88,88,0,,ksf-v4-idsplit::
quantum,svc,8,pauli_xz_r1_full__svc__d8,pauli_xz_r1_full,ood_test,fixed_c1,1.0,,0.006428718566894531,0.928,0.9277428438855022,0.9276655253894006,0.9227467811158798,0.9771036336581386,0.9792164694201217,full_v4_features,88,88,0,,ksf-v4-idsplit::
quantum,svc,8,zmap_r2__svc__d8,zmap_r2,id_val,fixed_c1,1.0,,0.013906002044677734,0.928,0.9271574091870075,0.927773497688752,0.9318181818181818,0.9832788775706323,0.988661643078483,full_v4_features,88,88,0,,ksf-v4-idsplit::
quantum,svc,8,zmap_r2__svc__d8,zmap_r2,id_test,fixed_c1,1.0,,0.013906002044677734,0.944,0.943173809981421,0.9438238315356959,0.946969696969697,0.9804599910308156,0.9585618178839244,full_v4_features,88,88,0,,ksf-v4-idsplit::
quantum,svc,8,zmap_r2__svc__d8,zmap_r2,ood_test,fixed_c1,1.0,,0.013906002044677734,0.938,0.9377830045280724,0.9377907280090223,0.9341825902335457,0.9762556200899215,0.9787808023735443,full_v4_features,88,88,0,,ksf-v4-idsplit::
quantum,svc,8,zz_r1_full__as2__svc__d8,zz_r1_full__as2,id_val,fixed_c1,1.0,,0.006548881530761719,0.996,0.9961240310077519,0.995996861539447,0.9961089494163424,0.9998718687936448,0.9998816498017634,full_v4_features,88,88,0,,ksf-v4-idsplit::
quantum,svc,8,zz_r1_full__as2__svc__d8,zz_r1_full__as2,id_test,fixed_c1,1.0,,0.006548881530761719,0.992,0.9917355371900827,0.9919871794871795,0.9923076923076923,0.9992312127618681,0.999268546439132,full_v4_features,88,88,0,,ksf-v4-idsplit::
quantum,svc,8,zz_r1_full__as2__svc__d8,zz_r1_full__as2,ood_test,fixed_c1,1.0,,0.006548881530761719,0.954,0.953863261812189,0.9539334799450407,0.9521829521829522,0.9867517880286084,0.9897991090446663,full_v4_features,88,88,0,,ksf-v4-idsplit::
quantum,svc,8,zz_r2_full__as2__svc__d8,zz_r2_full__as2,id_val,fixed_c1,1.0,,0.007961273193359375,0.992,0.9919917996027933,0.9919917996027933,0.9922480620155039,0.9999359343968224,0.9999403697078115,full_v4_features,88,88,0,,ksf-v4-idsplit::
quantum,svc,8,zz_r2_full__as2__svc__d8,zz_r2_full__as2,id_test,fixed_c1,1.0,,0.007961273193359375,0.988,0.9876033057851239,0.9879767229356033,0.9885057471264368,0.9992952783650458,0.9993372805899655,full_v4_features,88,88,0,,ksf-v4-idsplit::
quantum,svc,8,zz_r2_full__as2__svc__d8,zz_r2_full__as2,ood_test,fixed_c1,1.0,,0.007961273193359375,0.948,0.9479191667066673,0.9479700307377049,0.9467213114754098,0.9791196659146545,0.9855703257853798,full_v4_features,88,88,0,,ksf-v4-idsplit::
quantum,svc,8,pauli_xz_r1_full__as2__svc__d8,pauli_xz_r1_full__as2,id_val,fixed_c1,1.0,,0.0050013065338134766,0.976,0.9767441860465116,0.9759984639016897,0.9761904761904762,0.995002882952143,0.9956649332593194,full_v4_features,88,88,0,,ksf-v4-idsplit::
quantum,svc,8,pauli_xz_r1_full__as2__svc__d8,pauli_xz_r1_full__as2,id_test,fixed_c1,1.0,,0.0050013065338134766,0.976,0.9762316612210904,0.9759861680327868,0.9765625,0.9885963226343776,0.9627902879527174,full_v4_features,88,88,0,,ksf-v4-idsplit::
quantum,svc,8,pauli_xz_r1_full__as2__svc__d8,pauli_xz_r1_full__as2,ood_test,fixed_c1,1.0,,0.0050013065338134766,0.952,0.9518392294276709,0.9519068917424133,0.9497907949790795,0.9847837565401045,0.9853865045995924,full_v4_features,88,88,0,,ksf-v4-idsplit::
quantum,svc,8,zmap_r2__as2__svc__d8,zmap_r2__as2,id_val,fixed_c1,1.0,,0.0046956539154052734,0.976,0.9767441860465116,0.9759984639016897,0.9761904761904762,1.0,1.0,full_v4_features,88,88,0,,ksf-v4-idsplit::
quantum,svc,8,zmap_r2__as2__svc__d8,zmap_r2__as2,id_test,fixed_c1,1.0,,0.0046956539154052734,0.976,0.9762316612210904,0.9759861680327868,0.9765625,0.9915433403805497,0.9735613007748152,full_v4_features,88,88,0,,ksf-v4-idsplit::
quantum,svc,8,zmap_r2__as2__svc__d8,zmap_r2__as2,ood_test,fixed_c1,1.0,,0.0046956539154052734,0.956,0.9558552936846989,0.9559294871794872,0.9541666666666667,0.985199763196211,0.9713952792055338,full_v4_features,88,88,0,,ksf-v4-idsplit::
classical_ext,svc,10,linear__svc__d10,linear,id_val,fixed_c1,1.0,,0.005000114440917969,0.944,0.9424050227432892,0.9436392914653784,0.9481481481481482,0.9869306169517587,0.9892341210912436,full_v4_features,88,88,0,,ksf-v4-idsplit::
classical_ext,svc,10,linear__svc__d10,linear,id_test,fixed_c1,1.0,,0.005000114440917969,0.952,0.9509257479659171,0.9518025833815307,0.9548872180451128,0.991094881158306,0.9911400576862976,full_v4_features,88,88,0,,ksf-v4-idsplit::
classical_ext,svc,10,linear__svc__d10,linear,ood_test,fixed_c1,1.0,,0.005000114440917969,0.652,0.6521064337029392,0.6517994364754098,0.66015625,0.7907166514664233,0.8505209838649016,full_v4_features,88,88,0,,ksf-v4-idsplit::
classical_ext,svc,10,rbf_gscale__svc__d10,rbf_gscale,id_val,fixed_c1,1.0,,0.0040547847747802734,0.924,0.9230251777820488,0.9237254114813328,0.9283018867924528,0.9860336985072714,0.9908380633525159,full_v4_features,88,88,0,,ksf-v4-idsplit::
classical_ext,svc,10,rbf_gscale__svc__d10,rbf_gscale,id_test,fixed_c1,1.0,,0.0040547847747802734,0.944,0.943173809981421,0.9438238315356959,0.946969696969697,0.990005765904286,0.9827388542435056,full_v4_features,88,88,0,,ksf-v4-idsplit::
classical_ext,svc,10,rbf_gscale__svc__d10,rbf_gscale,ood_test,fixed_c1,1.0,,0.0040547847747802734,0.814,0.8134130146082337,0.8097186700767263,0.7811764705882352,0.9589593433494936,0.9661671753422337,full_v4_features,88,88,0,,ksf-v4-idsplit::
classical_ext,svc,10,poly2__svc__d10,poly2,id_val,fixed_c1,1.0,,0.003997802734375,0.924,0.9230251777820488,0.9237254114813328,0.9283018867924528,0.9862258953168044,0.9888167004937582,full_v4_features,88,88,0,,ksf-v4-idsplit::
classical_ext,svc,10,poly2__svc__d10,poly2,id_test,fixed_c1,1.0,,0.003997802734375,0.944,0.943173809981421,0.9438238315356959,0.946969696969697,0.9910308155551284,0.9914715850829202,full_v4_features,88,88,0,,ksf-v4-idsplit::
classical_ext,svc,10,poly2__svc__d10,poly2,ood_test,fixed_c1,1.0,,0.003997802734375,0.814,0.8134130146082337,0.8097186700767263,0.7811764705882352,0.7952447239155825,0.8563267147744495,full_v4_features,88,88,0,,ksf-v4-idsplit::
classical_ext,svc,10,poly3__svc__d10,poly3,id_val,fixed_c1,1.0,,0.003999233245849609,0.924,0.9230251777820488,0.9237254114813328,0.9283018867924528,0.9870587481581138,0.9911115676260202,full_v4_features,88,88,0,,ksf-v4-idsplit::
classical_ext,svc,10,poly3__svc__d10,poly3,id_test,fixed_c1,1.0,,0.003999233245849609,0.944,0.943173809981421,0.9438238315356959,0.946969696969697,0.9920558652059709,0.9913962923035096,full_v4_features,88,88,0,,ksf-v4-idsplit::
classical_ext,svc,10,poly3__svc__d10,poly3,ood_test,fixed_c1,1.0,,0.003999233245849609,0.814,0.8134130146082337,0.8097186700767263,0.7811764705882352,0.8093409494551912,0.8638262742403283,full_v4_features,88,88,0,,ksf-v4-idsplit::
classical_ext,svc,10,laplacian_med__svc__d10,laplacian_med,id_val,fixed_c1,1.0,,0.004004716873168945,0.972,0.972611954641553,0.9719959674193084,0.9723320158102767,0.9987827535396245,0.9989358367475107,full_v4_features,88,88,0,,ksf-v4-idsplit::
classical_ext,svc,10,laplacian_med__svc__d10,laplacian_med,id_test,fixed_c1,1.0,,0.004004716873168945,0.98,0.9803638926260491,0.9799919967987194,0.9803921568627451,0.9975655070792492,0.9977815961608223,full_v4_features,88,88,0,,ksf-v4-idsplit::
classical_ext,svc,10,laplacian_med__svc__d10,laplacian_med,ood_test,fixed_c1,1.0,,0.004004716873168945,0.916,0.9156946511144178,0.9154589371980677,0.908695652173913,0.9750076001216018,0.9763531381680829,full_v4_features,88,88,0,,ksf-v4-idsplit::
classical_ext,svc,10,matern15_med__svc__d10,matern15_med,id_val,fixed_c1,1.0,,0.0071828365325927734,0.924,0.9230251777820488,0.9237254114813328,0.9283018867924528,0.9860336985072714,0.9908380633525159,full_v4_features,88,88,0,,ksf-v4-idsplit::
classical_ext,svc,10,matern15_med__svc__d10,matern15_med,id_test,fixed_c1,1.0,,0.0071828365325927734,0.944,0.943173809981421,0.9438238315356959,0.946969696969697,0.9900057659042859,0.9827389927485006,full_v4_features,88,88,0,,ksf-v4-idsplit::
classical_ext,svc,10,matern15_med__svc__d10,matern15_med,ood_test,fixed_c1,1.0,,0.0071828365325927734,0.814,0.8134130146082337,0.8097186700767263,0.7811764705882352,0.9532792524680394,0.9623339612954989,full_v4_features,88,88,0,,ksf-v4-idsplit::
classical_ext,svc,10,matern25_med__svc__d10,matern25_med,id_val,fixed_c1,1.0,,0.005000591278076172,0.924,0.9230251777820488,0.9237254114813328,0.9283018867924528,0.9857774360945608,0.9906367988819115,full_v4_features,88,88,0,,ksf-v4-idsplit::
classical_ext,svc,10,matern25_med__svc__d10,matern25_med,id_test,fixed_c1,1.0,,0.005000591278076172,0.944,0.943173809981421,0.9438238315356959,0.946969696969697,0.9912230123646615,0.9880116096417443,full_v4_features,88,88,0,,ksf-v4-idsplit::
classical_ext,svc,10,matern25_med__svc__d10,matern25_med,ood_test,fixed_c1,1.0,,0.005000591278076172,0.814,0.8134130146082337,0.8097186700767263,0.7811764705882352,0.9393430294884718,0.951034779877582,full_v4_features,88,88,0,,ksf-v4-idsplit::
classical_ext,svc,10,rbf_gscale_x0.1__svc__d10,rbf_gscale_x0.1,id_val,fixed_c1,1.0,,0.003809213638305664,0.948,0.9465372541482477,0.9476979030882376,0.9516728624535316,0.9864821577295151,0.9890451566165649,full_v4_features,88,88,0,,ksf-v4-idsplit::
classical_ext,svc,10,rbf_gscale_x0.1__svc__d10,rbf_gscale_x0.1,id_test,fixed_c1,1.0,,0.003809213638305664,0.952,0.9509257479659171,0.9518025833815307,0.9548872180451128,0.9902620283169966,0.9894499272134051,full_v4_features,88,88,0,,ksf-v4-idsplit::
classical_ext,svc,10,rbf_gscale_x0.1__svc__d10,rbf_gscale_x0.1,ood_test,fixed_c1,1.0,,0.003809213638305664,0.652,0.6521064337029392,0.6517994364754098,0.66015625,0.7769884318149091,0.8430933047773408,full_v4_features,88,88,0,,ksf-v4-idsplit::
classical_ext,svc,10,rbf_gscale_x0.3__svc__d10,rbf_gscale_x0.3,id_val,fixed_c1,1.0,,0.0046160221099853516,0.924,0.9230251777820488,0.9237254114813328,0.9283018867924528,0.9849445832532513,0.9892128340667089,full_v4_features,88,88,0,,ksf-v4-idsplit::
classical_ext,svc,10,rbf_gscale_x0.3__svc__d10,rbf_gscale_x0.3,id_test,fixed_c1,1.0,,0.0046160221099853516,0.944,0.943173809981421,0.9438238315356959,0.946969696969697,0.9919277339996155,0.9911973433099284,full_v4_features,88,88,0,,ksf-v4-idsplit::
classical_ext,svc,10,rbf_gscale_x0.3__svc__d10,rbf_gscale_x0.3,ood_test,fixed_c1,1.0,,0.0046160221099853516,0.814,0.8134130146082337,0.8097186700767263,0.7811764705882352,0.8081089297428757,0.8631648330666004,full_v4_features,88,88,0,,ksf-v4-idsplit::
classical_ext,svc,10,rbf_gscale_x3__svc__d10,rbf_gscale_x3,id_val,fixed_c1,1.0,,0.004027843475341797,0.924,0.9230251777820488,0.9237254114813328,0.9283018867924528,0.9864821577295151,0.9911874822645484,full_v4_features,88,88,0,,ksf-v4-idsplit::
classical_ext,svc,10,rbf_gscale_x3__svc__d10,rbf_gscale_x3,id_test,fixed_c1,1.0,,0.004027843475341797,0.944,0.943173809981421,0.9438238315356959,0.946969696969697,0.9889166506502659,0.9750783642963281,full_v4_features,88,88,0,,ksf-v4-idsplit::
classical_ext,svc,10,rbf_gscale_x3__svc__d10,rbf_gscale_x3,ood_test,fixed_c1,1.0,,0.004027843475341797,0.912,0.9117105873693979,0.9114887590724021,0.9047619047619048,0.9796636746187938,0.9804067752471689,full_v4_features,88,88,0,,ksf-v4-idsplit::
classical_ext,svc,10,rbf_gscale_x10__svc__d10,rbf_gscale_x10,id_val,fixed_c1,1.0,,0.00392603874206543,0.976,0.9767441860465116,0.9759984639016897,0.9761904761904762,0.9816131718880133,0.9894543853777528,full_v4_features,88,88,0,,ksf-v4-idsplit::
classical_ext,svc,10,rbf_gscale_x10__svc__d10,rbf_gscale_x10,id_test,fixed_c1,1.0,,0.00392603874206543,0.976,0.9762316612210904,0.9759861680327868,0.9765625,0.9857774360945608,0.961006050055874,full_v4_features,88,88,0,,ksf-v4-idsplit::
classical_ext,svc,10,rbf_gscale_x10__svc__d10,rbf_gscale_x10,ood_test,fixed_c1,1.0,,0.00392603874206543,0.954,0.953863261812189,0.9539334799450407,0.9521829521829522,0.9873597977567641,0.9730191198838742,full_v4_features,88,88,0,,ksf-v4-idsplit::
classical_ext,svc,10,laplacian_med_x0.1__svc__d10,laplacian_med_x0.1,id_val,fixed_c1,1.0,,0.00862264633178711,0.996,0.9961240310077519,0.995996861539447,0.9961089494163424,0.9999359343968224,0.9999403697078115,full_v4_features,88,88,0,,ksf-v4-idsplit::
classical_ext,svc,10,laplacian_med_x0.1__svc__d10,laplacian_med_x0.1,id_test,fixed_c1,1.0,,0.00862264633178711,0.992,0.9917355371900827,0.9919871794871795,0.9923076923076923,0.9994874751745787,0.9995196419332507,full_v4_features,88,88,0,,ksf-v4-idsplit::
classical_ext,svc,10,laplacian_med_x0.1__svc__d10,laplacian_med_x0.1,ood_test,fixed_c1,1.0,,0.00862264633178711,0.958,0.9578793260692171,0.9579513918089311,0.9565217391304348,0.9879838077409239,0.9898091415622703,full_v4_features,88,88,0,,ksf-v4-idsplit::
classical_ext,svc,10,laplacian_med_x0.3__svc__d10,laplacian_med_x0.3,id_val,fixed_c1,1.0,,0.004801750183105469,0.992,0.9919917996027933,0.9919917996027933,0.9922480620155039,0.9999359343968224,0.9999403697078115,full_v4_features,88,88,0,,ksf-v4-idsplit::
classical_ext,svc,10,laplacian_med_x0.3__svc__d10,laplacian_med_x0.3,id_test,fixed_c1,1.0,,0.004801750183105469,0.984,0.9839835992055865,0.9839835992055865,0.9844961240310077,0.999615606380934,0.999640788320115,full_v4_features,88,88,0,,ksf-v4-idsplit::
classical_ext,svc,10,laplacian_med_x0.3__svc__d10,laplacian_med_x0.3,ood_test,fixed_c1,1.0,,0.004801750183105469,0.96,0.9598713579417271,0.9599480927281757,0.9585062240663901,0.9871037936606986,0.9751479380321321,full_v4_features,88,88,0,,ksf-v4-idsplit::
classical_ext,svc,10,laplacian_med_x3__svc__d10,laplacian_med_x3,id_val,fixed_c1,1.0,,0.0054395198822021484,0.924,0.9230251777820488,0.9237254114813328,0.9283018867924528,0.9943622269203665,0.9951444452710733,full_v4_features,88,88,0,,ksf-v4-idsplit::
classical_ext,svc,10,laplacian_med_x3__svc__d10,laplacian_med_x3,id_test,fixed_c1,1.0,,0.0054395198822021484,0.944,0.943173809981421,0.9438238315356959,0.946969696969697,0.992952783650458,0.9918231511681751,full_v4_features,88,88,0,,ksf-v4-idsplit::
classical_ext,svc,10,laplacian_med_x3__svc__d10,laplacian_med_x3,ood_test,fixed_c1,1.0,,0.0054395198822021484,0.814,0.8134130146082337,0.8097186700767263,0.7811764705882352,0.943375094001504,0.9531018966858885,full_v4_features,88,88,0,,ksf-v4-idsplit::
classical_ext,svc,10,laplacian_med_x10__svc__d10,laplacian_med_x10,id_val,fixed_c1,1.0,,0.004761457443237305,0.944,0.9424050227432892,0.9436392914653784,0.9481481481481482,0.9910948811583061,0.992136546573442,full_v4_features,88,88,0,,ksf-v4-idsplit::
classical_ext,svc,10,laplacian_med_x10__svc__d10,laplacian_med_x10,id_test,fixed_c1,1.0,,0.004761457443237305,0.952,0.9509257479659171,0.9518025833815307,0.9548872180451128,0.9902620283169966,0.9889398178263474,full_v4_features,88,88,0,,ksf-v4-idsplit::
classical_ext,svc,10,laplacian_med_x10__svc__d10,laplacian_med_x10,ood_test,fixed_c1,1.0,,0.004761457443237305,0.652,0.6521064337029392,0.6517994364754098,0.66015625,0.8207331317301076,0.8559691731295052,full_v4_features,88,88,0,,ksf-v4-idsplit::
classical_ext,svc,10,matern15_med_x0.1__svc__d10,matern15_med_x0.1,id_val,fixed_c1,1.0,,0.004514217376708984,0.996,0.9961240310077519,0.995996861539447,0.9961089494163424,1.0,1.0,full_v4_features,88,88,0,,ksf-v4-idsplit::
classical_ext,svc,10,matern15_med_x0.1__svc__d10,matern15_med_x0.1,id_test,fixed_c1,1.0,,0.004514217376708984,0.984,0.9839835992055865,0.9839835992055865,0.9844961240310077,0.9989749503491575,0.9990343212646979,full_v4_features,88,88,0,,ksf-v4-idsplit::
classical_ext,svc,10,matern15_med_x0.1__svc__d10,matern15_med_x0.1,ood_test,fixed_c1,1.0,,0.004514217376708984,0.956,0.955871293940703,0.9559429020009933,0.9543568464730291,0.985199763196211,0.971673721182651,full_v4_features,88,88,0,,ksf-v4-idsplit::
classical_ext,svc,10,matern15_med_x0.3__svc__d10,matern15_med_x0.3,id_val,fixed_c1,1.0,,0.003966331481933594,0.972,0.972611954641553,0.9719959674193084,0.9723320158102767,0.9948747517457877,0.995567124182637,full_v4_features,88,88,0,,ksf-v4-idsplit::
classical_ext,svc,10,matern15_med_x0.3__svc__d10,matern15_med_x0.3,id_test,fixed_c1,1.0,,0.003966331481933594,0.98,0.9803638926260491,0.9799919967987194,0.9803921568627451,0.9891729130629765,0.9715389782298096,full_v4_features,88,88,0,,ksf-v4-idsplit::
classical_ext,svc,10,matern15_med_x0.3__svc__d10,matern15_med_x0.3,ood_test,fixed_c1,1.0,,0.003966331481933594,0.944,0.9438071009136146,0.943848165439348,0.9409282700421941,0.9875998015968256,0.9752389176652618,full_v4_features,88,88,0,,ksf-v4-idsplit::
classical_ext,svc,10,matern15_med_x3__svc__d10,matern15_med_x3,id_val,fixed_c1,1.0,,0.0040950775146484375,0.948,0.9465372541482477,0.9476979030882376,0.9516728624535316,0.9860336985072715,0.9888692241746225,full_v4_features,88,88,0,,ksf-v4-idsplit::
classical_ext,svc,10,matern15_med_x3__svc__d10,matern15_med_x3,id_test,fixed_c1,1.0,,0.0040950775146484375,0.952,0.9509257479659171,0.9518025833815307,0.9548872180451128,0.9899417003011083,0.9887926487668461,full_v4_features,88,88,0,,ksf-v4-idsplit::
classical_ext,svc,10,matern15_med_x3__svc__d10,matern15_med_x3,ood_test,fixed_c1,1.0,,0.0040950775146484375,0.652,0.6521064337029392,0.6517994364754098,0.66015625,0.7751004016064258,0.8423020435576841,full_v4_features,88,88,0,,ksf-v4-idsplit::
classical_ext,svc,10,matern15_med_x10__svc__d10,matern15_med_x10,id_val,fixed_c1,1.0,,0.006510496139526367,0.936,0.9341405599333718,0.935500515995872,0.9411764705882353,0.9643154590300468,0.96470547384818,full_v4_features,88,88,0,,ksf-v4-idsplit::
classical_ext,svc,10,matern15_med_x10__svc__d10,matern15_med_x10,id_test,fixed_c1,1.0,,0.006510496139526367,0.948,0.9467935165609584,0.947758435003456,0.951310861423221,0.9714267409827664,0.9661250989977939,full_v4_features,88,88,0,,ksf-v4-idsplit::
classical_ext,svc,10,matern15_med_x10__svc__d10,matern15_med_x10,ood_test,fixed_c1,1.0,,0.006510496139526367,0.642,0.6421462743403894,0.641585673038032,0.6537717601547389,0.7510680170882734,0.8171327594074507,full_v4_features,88,88,0,,ksf-v4-idsplit::
classical_ext,svc,10,matern25_med_x0.1__svc__d10,matern25_med_x0.1,id_val,fixed_c1,1.0,,0.00400543212890625,0.996,0.9961240310077519,0.995996861539447,0.9961089494163424,1.0,1.0,full_v4_features,88,88,0,,ksf-v4-idsplit::
classical_ext,svc,10,matern25_med_x0.1__svc__d10,matern25_med_x0.1,id_test,fixed_c1,1.0,,0.00400543212890625,0.984,0.9839835992055865,0.9839835992055865,0.9844961240310077,0.9922480620155039,0.9858597936305493,full_v4_features,88,88,0,,ksf-v4-idsplit::
classical_ext,svc,10,matern25_med_x0.1__svc__d10,matern25_med_x0.1,ood_test,fixed_c1,1.0,,0.00400543212890625,0.954,0.953863261812189,0.9539334799450407,0.9521829521829522,0.9865437847005553,0.9722313705665525,full_v4_features,88,88,0,,ksf-v4-idsplit::
classical_ext,svc,10,matern25_med_x0.3__svc__d10,matern25_med_x0.3,id_val,fixed_c1,1.0,,0.00650334358215332,0.924,0.9230251777820488,0.9237254114813328,0.9283018867924528,0.99481068614261,0.9955192314623306,full_v4_features,88,88,0,,ksf-v4-idsplit::
classical_ext,svc,10,matern25_med_x0.3__svc__d10,matern25_med_x0.3,id_test,fixed_c1,1.0,,0.00650334358215332,0.944,0.943173809981421,0.9438238315356959,0.946969696969697,0.9889166506502659,0.9630893977331468,full_v4_features,88,88,0,,ksf-v4-idsplit::
classical_ext,svc,10,matern25_med_x0.3__svc__d10,matern25_med_x0.3,ood_test,fixed_c1,1.0,,0.00650334358215332,0.922,0.92171874749996,0.9215705201684423,0.9157667386609071,0.9864317829085265,0.9775346108460925,full_v4_features,88,88,0,,ksf-v4-idsplit::
classical_ext,svc,10,matern25_med_x3__svc__d10,matern25_med_x3,id_val,fixed_c1,1.0,,0.00599980354309082,0.948,0.9465372541482477,0.9476979030882376,0.9516728624535316,0.9863540265231597,0.9889936208507434,full_v4_features,88,88,0,,ksf-v4-idsplit::
classical_ext,svc,10,matern25_med_x3__svc__d10,matern25_med_x3,id_test,fixed_c1,1.0,,0.00599980354309082,0.952,0.9509257479659171,0.9518025833815307,0.9548872180451128,0.9899417003011084,0.9888780118710655,full_v4_features,88,88,0,,ksf-v4-idsplit::
classical_ext,svc,10,matern25_med_x3__svc__d10,matern25_med_x3,ood_test,fixed_c1,1.0,,0.00599980354309082,0.65,0.6501144018304292,0.6497632399502062,0.6588693957115009,0.7672602761644187,0.832093545773652,full_v4_features,88,88,0,,ksf-v4-idsplit::
classical_ext,svc,10,matern25_med_x10__svc__d10,matern25_med_x10,id_val,fixed_c1,1.0,,0.009747505187988281,0.816,0.8101736177846115,0.8076794434410328,0.847682119205298,0.9686078544429496,0.9695312689175161,full_v4_features,88,88,0,,ksf-v4-idsplit::
classical_ext,svc,10,matern25_med_x10__svc__d10,matern25_med_x10,id_test,fixed_c1,1.0,,0.009747505187988281,0.804,0.7975206611570248,0.7932524345580665,0.8403908794788274,0.9752706771734255,0.9746594880925695,full_v4_features,88,88,0,,ksf-v4-idsplit::
classical_ext,svc,10,matern25_med_x10__svc__d10,matern25_med_x10,ood_test,fixed_c1,1.0,,0.009747505187988281,0.64,0.6401542424678794,0.6395328345535815,0.6525096525096525,0.7487799804796876,0.8106524218950557,full_v4_features,88,88,0,,ksf-v4-idsplit::
quantum,svc,10,zz_r1_full__as0.5__svc__d10,zz_r1_full__as0.5,id_val,fixed_c1,1.0,,0.006000041961669922,0.996,0.9961240310077519,0.995996861539447,0.9961089494163424,1.0,1.0,full_v4_features,88,88,0,,ksf-v4-idsplit::
quantum,svc,10,zz_r1_full__as0.5__svc__d10,zz_r1_full__as0.5,id_test,fixed_c1,1.0,,0.006000041961669922,0.988,0.9878595681978346,0.9879844278184527,0.9884169884169884,0.9992312127618682,0.999275955703138,full_v4_features,88,88,0,,ksf-v4-idsplit::
quantum,svc,10,zz_r1_full__as0.5__svc__d10,zz_r1_full__as0.5,ood_test,fixed_c1,1.0,,0.006000041961669922,0.958,0.9578953263252212,0.9579621659493545,0.9567010309278351,0.9875198003168051,0.9898441987691116,full_v4_features,88,88,0,,ksf-v4-idsplit::
quantum,svc,10,zz_r2_full__as0.5__svc__d10,zz_r2_full__as0.5,id_val,fixed_c1,1.0,,0.00645899772644043,0.996,0.9961240310077519,0.995996861539447,0.9961089494163424,1.0,1.0,full_v4_features,88,88,0,,ksf-v4-idsplit::
quantum,svc,10,zz_r2_full__as0.5__svc__d10,zz_r2_full__as0.5,id_test,fixed_c1,1.0,,0.00645899772644043,0.992,0.9917355371900827,0.9919871794871795,0.9923076923076923,0.9992952783650458,0.9993320869144147,full_v4_features,88,88,0,,ksf-v4-idsplit::
quantum,svc,10,zz_r2_full__as0.5__svc__d10,zz_r2_full__as0.5,ood_test,fixed_c1,1.0,,0.00645899772644043,0.954,0.953863261812189,0.9539334799450407,0.9521829521829522,0.9654554472871567,0.9800221620745706,full_v4_features,88,88,0,,ksf-v4-idsplit::
quantum,svc,10,pauli_xz_r1_full__as0.5__svc__d10,pauli_xz_r1_full__as0.5,id_val,fixed_c1,1.0,,0.005005836486816406,0.924,0.9230251777820488,0.9237254114813328,0.9283018867924528,0.9864180921263374,0.9911352027491196,full_v4_features,88,88,0,,ksf-v4-idsplit::
quantum,svc,10,pauli_xz_r1_full__as0.5__svc__d10,pauli_xz_r1_full__as0.5,id_test,fixed_c1,1.0,,0.005005836486816406,0.944,0.943173809981421,0.9438238315356959,0.946969696969697,0.9891729130629765,0.9777363293842799,full_v4_features,88,88,0,,ksf-v4-idsplit::
quantum,svc,10,pauli_xz_r1_full__as0.5__svc__d10,pauli_xz_r1_full__as0.5,ood_test,fixed_c1,1.0,,0.005005836486816406,0.9,0.8997583961343382,0.8995887153781891,0.8931623931623932,0.9805116881870108,0.9827420043711224,full_v4_features,88,88,0,,ksf-v4-idsplit::
quantum,svc,10,zmap_r2__as0.5__svc__d10,zmap_r2__as0.5,id_val,fixed_c1,1.0,,0.004999399185180664,0.924,0.9230251777820488,0.9237254114813328,0.9283018867924528,0.9864180921263374,0.9911352027491196,full_v4_features,88,88,0,,ksf-v4-idsplit::
quantum,svc,10,zmap_r2__as0.5__svc__d10,zmap_r2__as0.5,id_test,fixed_c1,1.0,,0.004999399185180664,0.944,0.943173809981421,0.9438238315356959,0.946969696969697,0.9871868793644692,0.9715677214394246,full_v4_features,88,88,0,,ksf-v4-idsplit::
quantum,svc,10,zmap_r2__as0.5__svc__d10,zmap_r2__as0.5,ood_test,fixed_c1,1.0,,0.004999399185180664,0.916,0.9156946511144178,0.9154589371980677,0.908695652173913,0.9785596569545112,0.9792354914922439,full_v4_features,88,88,0,,ksf-v4-idsplit::
quantum,svc,10,zz_r1_full__svc__d10,zz_r1_full,id_val,fixed_c1,1.0,,0.007201671600341797,0.996,0.9961240310077519,0.995996861539447,0.9961089494163424,1.0,1.0,full_v4_features,88,88,0,,ksf-v4-idsplit::
quantum,svc,10,zz_r1_full__svc__d10,zz_r1_full,id_test,fixed_c1,1.0,,0.007201671600341797,0.992,0.9917355371900827,0.9919871794871795,0.9923076923076923,0.999295278365046,0.9993320869144147,full_v4_features,88,88,0,,ksf-v4-idsplit::
quantum,svc,10,zz_r1_full__svc__d10,zz_r1_full,ood_test,fixed_c1,1.0,,0.007201671600341797,0.956,0.955871293940703,0.9559429020009933,0.9543568464730291,0.9688475015600249,0.9813013533333365,full_v4_features,88,88,0,,ksf-v4-idsplit::
quantum,svc,10,zz_r2_full__svc__d10,zz_r2_full,id_val,fixed_c1,1.0,,0.009178638458251953,0.992,0.9917355371900827,0.9919871794871795,0.9923076923076923,0.9999359343968224,0.9999403697078115,full_v4_features,88,88,0,,ksf-v4-idsplit::
quantum,svc,10,zz_r2_full__svc__d10,zz_r2_full,id_test,fixed_c1,1.0,,0.009178638458251953,0.988,0.9876033057851239,0.9879767229356033,0.9885057471264368,0.9994234095714011,0.9994576264293747,full_v4_features,88,88,0,,ksf-v4-idsplit::
quantum,svc,10,zz_r2_full__svc__d10,zz_r2_full,ood_test,fixed_c1,1.0,,0.009178638458251953,0.954,0.9539752636042177,0.9539953995399539,0.9535353535353536,0.9835517368277893,0.9878287563572977,full_v4_features,88,88,0,,ksf-v4-idsplit::
quantum,svc,10,pauli_xz_r1_full__svc__d10,pauli_xz_r1_full,id_val,fixed_c1,1.0,,0.004999876022338867,0.924,0.9230251777820488,0.9237254114813328,0.9283018867924528,0.9867384201422256,0.9910570640679874,full_v4_features,88,88,0,,ksf-v4-idsplit::
quantum,svc,10,pauli_xz_r1_full__svc__d10,pauli_xz_r1_full,id_test,fixed_c1,1.0,,0.004999876022338867,0.94,0.9390415785764623,0.9397832195905259,0.9433962264150944,0.9884041258248446,0.9689866761271716,full_v4_features,88,88,0,,ksf-v4-idsplit::
quantum,svc,10,pauli_xz_r1_full__svc__d10,pauli_xz_r1_full,ood_test,fixed_c1,1.0,,0.004999876022338867,0.942,0.9417990687851006,0.9418303773804413,0.9386892177589852,0.9875198003168051,0.9824918548100127,full_v4_features,88,88,0,,ksf-v4-idsplit::
quantum,svc,10,zmap_r2__svc__d10,zmap_r2,id_val,fixed_c1,1.0,,0.004999876022338867,0.976,0.9767441860465116,0.9759984639016897,0.9761904761904762,0.9941700301108335,0.9950251131984451,full_v4_features,88,88,0,,ksf-v4-idsplit::
quantum,svc,10,zmap_r2__svc__d10,zmap_r2,id_test,fixed_c1,1.0,,0.004999876022338867,0.976,0.9762316612210904,0.9759861680327868,0.9765625,0.9872509449676469,0.9619352938612606,full_v4_features,88,88,0,,ksf-v4-idsplit::
quantum,svc,10,zmap_r2__svc__d10,zmap_r2,ood_test,fixed_c1,1.0,,0.004999876022338867,0.95,0.9498311972991568,0.9498939756524807,0.9475890985324947,0.9854557672922766,0.9737870149372487,full_v4_features,88,88,0,,ksf-v4-idsplit::
quantum,svc,10,zz_r1_full__as2__svc__d10,zz_r1_full__as2,id_val,fixed_c1,1.0,,0.010599613189697266,0.996,0.9961240310077519,0.995996861539447,0.9961089494163424,1.0,1.0,full_v4_features,88,88,0,,ksf-v4-idsplit::
quantum,svc,10,zz_r1_full__as2__svc__d10,zz_r1_full__as2,id_test,fixed_c1,1.0,,0.010599613189697266,0.992,0.9917355371900827,0.9919871794871795,0.9923076923076923,0.9992952783650458,0.9993320869144147,full_v4_features,88,88,0,,ksf-v4-idsplit::
quantum,svc,10,zz_r1_full__as2__svc__d10,zz_r1_full__as2,ood_test,fixed_c1,1.0,,0.010599613189697266,0.964,0.9639354229667675,0.9639855942376951,0.963265306122449,0.9802876846029535,0.9868412272325999,full_v4_features,88,88,0,,ksf-v4-idsplit::
quantum,svc,10,zz_r2_full__as2__svc__d10,zz_r2_full__as2,id_val,fixed_c1,1.0,,0.008617401123046875,0.992,0.9917355371900827,0.9919871794871795,0.9923076923076923,1.0,1.0,full_v4_features,88,88,0,,ksf-v4-idsplit::
quantum,svc,10,zz_r2_full__as2__svc__d10,zz_r2_full__as2,id_test,fixed_c1,1.0,,0.008617401123046875,0.984,0.9834710743801653,0.9839630508692025,0.9847328244274809,0.9991030815555129,0.9991443956867143,full_v4_features,88,88,0,,ksf-v4-idsplit::
quantum,svc,10,zz_r2_full__as2__svc__d10,zz_r2_full__as2,ood_test,fixed_c1,1.0,,0.008617401123046875,0.936,0.9360629770076321,0.935990782672705,0.9367588932806324,0.9780956495303924,0.9847679115860533,full_v4_features,88,88,0,,ksf-v4-idsplit::
quantum,svc,10,pauli_xz_r1_full__as2__svc__d10,pauli_xz_r1_full__as2,id_val,fixed_c1,1.0,,0.0040781497955322266,0.984,0.9844961240310077,0.9839959029511556,0.984251968503937,1.0,1.0,full_v4_features,88,88,0,,ksf-v4-idsplit::
quantum,svc,10,pauli_xz_r1_full__as2__svc__d10,pauli_xz_r1_full__as2,id_test,fixed_c1,1.0,,0.0040781497955322266,0.98,0.9801076302133385,0.9799843076972345,0.980544747081712,0.9908386187455955,0.9755755078195383,full_v4_features,88,88,0,,ksf-v4-idsplit::
quantum,svc,10,pauli_xz_r1_full__as2__svc__d10,pauli_xz_r1_full__as2,ood_test,fixed_c1,1.0,,0.0040781497955322266,0.95,0.9498311972991568,0.9498939756524807,0.9475890985324947,0.9890718251492023,0.9872052807584533,full_v4_features,88,88,0,,ksf-v4-idsplit::
quantum,svc,10,zmap_r2__as2__svc__d10,zmap_r2__as2,id_val,fixed_c1,1.0,,0.0050029754638671875,0.996,0.9961240310077519,0.995996861539447,0.9961089494163424,1.0,1.0,full_v4_features,88,88,0,,ksf-v4-idsplit::
quantum,svc,10,zmap_r2__as2__svc__d10,zmap_r2__as2,id_test,fixed_c1,1.0,,0.0050029754638671875,0.984,0.9839835992055865,0.9839835992055865,0.9844961240310077,0.9921199308091486,0.9834302624941917,full_v4_features,88,88,0,,ksf-v4-idsplit::
quantum,svc,10,zmap_r2__as2__svc__d10,zmap_r2__as2,ood_test,fixed_c1,1.0,,0.0050029754638671875,0.964,0.9639034224547594,0.9639717538550223,0.9629629629629629,0.9884478151650427,0.9834642138620332,full_v4_features,88,88,0,,ksf-v4-idsplit::
classical_ext,svc,12,linear__svc__d12,linear,id_val,fixed_c1,1.0,,0.00400543212890625,0.94,0.9385290537510411,0.9396514266402742,0.9442379182156134,0.9873790761740022,0.9897006111667441,full_v4_features,88,88,0,,ksf-v4-idsplit::
classical_ext,svc,12,linear__svc__d12,linear,id_test,fixed_c1,1.0,,0.00400543212890625,0.952,0.9509257479659171,0.9518025833815307,0.9548872180451128,0.9905823563328848,0.990549379862366,full_v4_features,88,88,0,,ksf-v4-idsplit::
classical_ext,svc,12,linear__svc__d12,linear,ood_test,fixed_c1,1.0,,0.00400543212890625,0.808,0.8074529192467079,0.8041615667074664,0.7767441860465116,0.791628666058657,0.8541218498711208,full_v4_features,88,88,0,,ksf-v4-idsplit::
classical_ext,svc,12,rbf_gscale__svc__d12,rbf_gscale,id_val,fixed_c1,1.0,,0.006001710891723633,0.924,0.9230251777820488,0.9237254114813328,0.9283018867924528,0.9865462233326927,0.9912394151824184,full_v4_features,88,88,0,,ksf-v4-idsplit::
classical_ext,svc,12,rbf_gscale__svc__d12,rbf_gscale,id_test,fixed_c1,1.0,,0.006001710891723633,0.944,0.943173809981421,0.9438238315356959,0.946969696969697,0.9902620283169965,0.9841849926461659,full_v4_features,88,88,0,,ksf-v4-idsplit::
classical_ext,svc,12,rbf_gscale__svc__d12,rbf_gscale,ood_test,fixed_c1,1.0,,0.006001710891723633,0.814,0.8134130146082337,0.8097186700767263,0.7811764705882352,0.9586713387414199,0.967258870208423,full_v4_features,88,88,0,,ksf-v4-idsplit::
classical_ext,svc,12,poly2__svc__d12,poly2,id_val,fixed_c1,1.0,,0.0049190521240234375,0.924,0.9230251777820488,0.9237254114813328,0.9283018867924528,0.9848164520468959,0.9887764181028131,full_v4_features,88,88,0,,ksf-v4-idsplit::
classical_ext,svc,12,poly2__svc__d12,poly2,id_test,fixed_c1,1.0,,0.0049190521240234375,0.944,0.943173809981421,0.9438238315356959,0.946969696969697,0.9889807162534435,0.9881708416367073,full_v4_features,88,88,0,,ksf-v4-idsplit::
classical_ext,svc,12,poly2__svc__d12,poly2,ood_test,fixed_c1,1.0,,0.0049190521240234375,0.814,0.8134130146082337,0.8097186700767263,0.7811764705882352,0.7913886622185955,0.8548531780160912,full_v4_features,88,88,0,,ksf-v4-idsplit::
classical_ext,svc,12,poly3__svc__d12,poly3,id_val,fixed_c1,1.0,,0.003998279571533203,0.924,0.9230251777820488,0.9237254114813328,0.9283018867924528,0.9857774360945609,0.9900051219646975,full_v4_features,88,88,0,,ksf-v4-idsplit::
classical_ext,svc,12,poly3__svc__d12,poly3,id_test,fixed_c1,1.0,,0.003998279571533203,0.944,0.943173809981421,0.9438238315356959,0.946969696969697,0.9915433403805497,0.991011115169508,full_v4_features,88,88,0,,ksf-v4-idsplit::
classical_ext,svc,12,poly3__svc__d12,poly3,ood_test,fixed_c1,1.0,,0.003998279571533203,0.814,0.8134130146082337,0.8097186700767263,0.7811764705882352,0.80246083937343,0.8609256762692159,full_v4_features,88,88,0,,ksf-v4-idsplit::
classical_ext,svc,12,laplacian_med__svc__d12,laplacian_med,id_val,fixed_c1,1.0,,0.005829572677612305,0.972,0.972611954641553,0.9719959674193084,0.9723320158102767,0.9988468191428022,0.9989850832756305,full_v4_features,88,88,0,,ksf-v4-idsplit::
classical_ext,svc,12,laplacian_med__svc__d12,laplacian_med,id_test,fixed_c1,1.0,,0.005829572677612305,0.98,0.9803638926260491,0.9799919967987194,0.9803921568627451,0.9973733102697162,0.9975371199794185,full_v4_features,88,88,0,,ksf-v4-idsplit::
classical_ext,svc,12,laplacian_med__svc__d12,laplacian_med,ood_test,fixed_c1,1.0,,0.005829572677612305,0.916,0.9156946511144178,0.9154589371980677,0.908695652173913,0.9759036144578314,0.9790023435954343,full_v4_features,88,88,0,,ksf-v4-idsplit::
classical_ext,svc,12,matern15_med__svc__d12,matern15_med,id_val,fixed_c1,1.0,,0.004511833190917969,0.924,0.9230251777820488,0.9237254114813328,0.9283018867924528,0.9865462233326926,0.9912394151824184,full_v4_features,88,88,0,,ksf-v4-idsplit::
classical_ext,svc,12,matern15_med__svc__d12,matern15_med,id_test,fixed_c1,1.0,,0.004511833190917969,0.944,0.943173809981421,0.9438238315356959,0.946969696969697,0.9900057659042859,0.9833924910090814,full_v4_features,88,88,0,,ksf-v4-idsplit::
classical_ext,svc,12,matern15_med__svc__d12,matern15_med,ood_test,fixed_c1,1.0,,0.004511833190917969,0.814,0.8134130146082337,0.8097186700767263,0.7811764705882352,0.9602073633178131,0.9671352341187389,full_v4_features,88,88,0,,ksf-v4-idsplit::
classical_ext,svc,12,matern25_med__svc__d12,matern25_med,id_val,fixed_c1,1.0,,0.004357576370239258,0.924,0.9230251777820488,0.9237254114813328,0.9283018867924528,0.9865462233326927,0.9912394151824184,full_v4_features,88,88,0,,ksf-v4-idsplit::
classical_ext,svc,12,matern25_med__svc__d12,matern25_med,id_test,fixed_c1,1.0,,0.004357576370239258,0.944,0.943173809981421,0.9438238315356959,0.946969696969697,0.9901338971106413,0.9834956390065748,full_v4_features,88,88,0,,ksf-v4-idsplit::
classical_ext,svc,12,matern25_med__svc__d12,matern25_med,ood_test,fixed_c1,1.0,,0.004357576370239258,0.814,0.8134130146082337,0.8097186700767263,0.7811764705882352,0.9476311620985935,0.9565201360994309,full_v4_features,88,88,0,,ksf-v4-idsplit::
classical_ext,svc,12,rbf_gscale_x0.1__svc__d12,rbf_gscale_x0.1,id_val,fixed_c1,1.0,,0.006952524185180664,0.948,0.9465372541482477,0.9476979030882376,0.9516728624535316,0.9860977641104491,0.9888936108497433,full_v4_features,88,88,0,,ksf-v4-idsplit::
classical_ext,svc,12,rbf_gscale_x0.1__svc__d12,rbf_gscale_x0.1,id_test,fixed_c1,1.0,,0.006952524185180664,0.952,0.9509257479659171,0.9518025833815307,0.9548872180451128,0.9901979627138189,0.9893227322178322,full_v4_features,88,88,0,,ksf-v4-idsplit::
classical_ext,svc,12,rbf_gscale_x0.1__svc__d12,rbf_gscale_x0.1,ood_test,fixed_c1,1.0,,0.006952524185180664,0.654,0.6540984655754492,0.6538324549081755,0.6614481409001957,0.782156514504232,0.8447666264430568,full_v4_features,88,88,0,,ksf-v4-idsplit::
classical_ext,svc,12,rbf_gscale_x0.3__svc__d12,rbf_gscale_x0.3,id_val,fixed_c1,1.0,,0.0036826133728027344,0.924,0.9230251777820488,0.9237254114813328,0.9283018867924528,0.9855852392850278,0.9898561916311477,full_v4_features,88,88,0,,ksf-v4-idsplit::
classical_ext,svc,12,rbf_gscale_x0.3__svc__d12,rbf_gscale_x0.3,id_test,fixed_c1,1.0,,0.0036826133728027344,0.944,0.943173809981421,0.9438238315356959,0.946969696969697,0.9913511435710167,0.9907942015599224,full_v4_features,88,88,0,,ksf-v4-idsplit::
classical_ext,svc,12,rbf_gscale_x0.3__svc__d12,rbf_gscale_x0.3,ood_test,fixed_c1,1.0,,0.0036826133728027344,0.814,0.8134130146082337,0.8097186700767263,0.7811764705882352,0.8072929166866669,0.8628765736822568,full_v4_features,88,88,0,,ksf-v4-idsplit::
classical_ext,svc,12,rbf_gscale_x3__svc__d12,rbf_gscale_x3,id_val,fixed_c1,1.0,,0.006016969680786133,0.924,0.9230251777820488,0.9237254114813328,0.9283018867924528,0.9880837978089563,0.9926226797381926,full_v4_features,88,88,0,,ksf-v4-idsplit::
classical_ext,svc,12,rbf_gscale_x3__svc__d12,rbf_gscale_x3,id_test,fixed_c1,1.0,,0.006016969680786133,0.944,0.943173809981421,0.9438238315356959,0.946969696969697,0.9896854378883977,0.977471981473251,full_v4_features,88,88,0,,ksf-v4-idsplit::
classical_ext,svc,12,rbf_gscale_x3__svc__d12,rbf_gscale_x3,ood_test,fixed_c1,1.0,,0.006016969680786133,0.916,0.9156946511144178,0.9154589371980677,0.908695652173913,0.979535672570761,0.9785407703548017,full_v4_features,88,88,0,,ksf-v4-idsplit::
classical_ext,svc,12,rbf_gscale_x10__svc__d12,rbf_gscale_x10,id_val,fixed_c1,1.0,,0.004554033279418945,0.976,0.9767441860465116,0.9759984639016897,0.9761904761904762,0.9750784803638926,0.9859411998048941,full_v4_features,88,88,0,,ksf-v4-idsplit::
classical_ext,svc,12,rbf_gscale_x10__svc__d12,rbf_gscale_x10,id_test,fixed_c1,1.0,,0.004554033279418945,0.976,0.9762316612210904,0.9759861680327868,0.9765625,0.979819334999039,0.9583184988121687,full_v4_features,88,88,0,,ksf-v4-idsplit::
classical_ext,svc,12,rbf_gscale_x10__svc__d12,rbf_gscale_x10,ood_test,fixed_c1,1.0,,0.004554033279418945,0.952,0.9518552296836749,0.9519230769230769,0.95,0.9856957711323381,0.9740130767509183,full_v4_features,88,88,0,,ksf-v4-idsplit::
classical_ext,svc,12,laplacian_med_x0.1__svc__d12,laplacian_med_x0.1,id_val,fixed_c1,1.0,,0.007044792175292969,0.996,0.9961240310077519,0.995996861539447,0.9961089494163424,0.9999359343968224,0.9999403697078115,full_v4_features,88,88,0,,ksf-v4-idsplit::
classical_ext,svc,12,laplacian_med_x0.1__svc__d12,laplacian_med_x0.1,id_test,fixed_c1,1.0,,0.007044792175292969,0.992,0.9917355371900827,0.9919871794871795,0.9923076923076923,0.9994874751745788,0.9995196419332507,full_v4_features,88,88,0,,ksf-v4-idsplit::
classical_ext,svc,12,laplacian_med_x0.1__svc__d12,laplacian_med_x0.1,ood_test,fixed_c1,1.0,,0.007044792175292969,0.956,0.955871293940703,0.9559429020009933,0.9543568464730291,0.9880798092769485,0.9901043108306072,full_v4_features,88,88,0,,ksf-v4-idsplit::
classical_ext,svc,12,laplacian_med_x0.3__svc__d12,laplacian_med_x0.3,id_val,fixed_c1,1.0,,0.00500035285949707,0.992,0.9919917996027933,0.9919917996027933,0.9922480620155039,0.9999359343968223,0.9999403697078115,full_v4_features,88,88,0,,ksf-v4-idsplit::
classical_ext,svc,12,laplacian_med_x0.3__svc__d12,laplacian_med_x0.3,id_test,fixed_c1,1.0,,0.00500035285949707,0.984,0.9839835992055865,0.9839835992055865,0.9844961240310077,0.999615606380934,0.999640788320115,full_v4_features,88,88,0,,ksf-v4-idsplit::
classical_ext,svc,12,laplacian_med_x0.3__svc__d12,laplacian_med_x0.3,ood_test,fixed_c1,1.0,,0.00500035285949707,0.96,0.9598713579417271,0.9599480927281757,0.9585062240663901,0.9877758044128706,0.9752549855010308,full_v4_features,88,88,0,,ksf-v4-idsplit::
classical_ext,svc,12,laplacian_med_x3__svc__d12,laplacian_med_x3,id_val,fixed_c1,1.0,,0.004000663757324219,0.924,0.9230251777820488,0.9237254114813328,0.9283018867924528,0.9948747517457878,0.9955393937443593,full_v4_features,88,88,0,,ksf-v4-idsplit::
classical_ext,svc,12,laplacian_med_x3__svc__d12,laplacian_med_x3,id_test,fixed_c1,1.0,,0.004000663757324219,0.944,0.943173809981421,0.9438238315356959,0.946969696969697,0.9932090460631686,0.9921770708162829,full_v4_features,88,88,0,,ksf-v4-idsplit::
classical_ext,svc,12,laplacian_med_x3__svc__d12,laplacian_med_x3,ood_test,fixed_c1,1.0,,0.004000663757324219,0.814,0.8134130146082337,0.8097186700767263,0.7811764705882352,0.9527352437639003,0.9607805100049814,full_v4_features,88,88,0,,ksf-v4-idsplit::
classical_ext,svc,12,laplacian_med_x10__svc__d12,laplacian_med_x10,id_val,fixed_c1,1.0,,0.004999637603759766,0.944,0.9424050227432892,0.9436392914653784,0.9481481481481482,0.9912870779678391,0.9922763415408231,full_v4_features,88,88,0,,ksf-v4-idsplit::
classical_ext,svc,12,laplacian_med_x10__svc__d12,laplacian_med_x10,id_test,fixed_c1,1.0,,0.004999637603759766,0.952,0.9509257479659171,0.9518025833815307,0.9548872180451128,0.9904542251265296,0.989355306452436,full_v4_features,88,88,0,,ksf-v4-idsplit::
classical_ext,svc,12,laplacian_med_x10__svc__d12,laplacian_med_x10,ood_test,fixed_c1,1.0,,0.004999637603759766,0.652,0.6521064337029392,0.6517994364754098,0.66015625,0.8343653498455974,0.8716148779901371,full_v4_features,88,88,0,,ksf-v4-idsplit::
classical_ext,svc,12,matern15_med_x0.1__svc__d12,matern15_med_x0.1,id_val,fixed_c1,1.0,,0.004999876022338867,0.996,0.9961240310077519,0.995996861539447,0.9961089494163424,1.0,1.0,full_v4_features,88,88,0,,ksf-v4-idsplit::
classical_ext,svc,12,matern15_med_x0.1__svc__d12,matern15_med_x0.1,id_test,fixed_c1,1.0,,0.004999876022338867,0.984,0.9839835992055865,0.9839835992055865,0.9844961240310077,0.99891088474598,0.9989707807894153,full_v4_features,88,88,0,,ksf-v4-idsplit::
classical_ext,svc,12,matern15_med_x0.1__svc__d12,matern15_med_x0.1,ood_test,fixed_c1,1.0,,0.004999876022338867,0.956,0.955871293940703,0.9559429020009933,0.9543568464730291,0.9849437591001455,0.9771537564366486,full_v4_features,88,88,0,,ksf-v4-idsplit::
classical_ext,svc,12,matern15_med_x0.3__svc__d12,matern15_med_x0.3,id_val,fixed_c1,1.0,,0.004000186920166016,0.972,0.972611954641553,0.9719959674193084,0.9723320158102767,0.9949388173489653,0.9956156867311996,full_v4_features,88,88,0,,ksf-v4-idsplit::
classical_ext,svc,12,matern15_med_x0.3__svc__d12,matern15_med_x0.3,id_test,fixed_c1,1.0,,0.004000186920166016,0.98,0.9803638926260491,0.9799919967987194,0.9803921568627451,0.9891729130629765,0.9715389485693722,full_v4_features,88,88,0,,ksf-v4-idsplit::
classical_ext,svc,12,matern15_med_x0.3__svc__d12,matern15_med_x0.3,ood_test,fixed_c1,1.0,,0.004000186920166016,0.944,0.9438071009136146,0.943848165439348,0.9409282700421941,0.9891198259172146,0.9775685890781017,full_v4_features,88,88,0,,ksf-v4-idsplit::
classical_ext,svc,12,matern15_med_x3__svc__d12,matern15_med_x3,id_val,fixed_c1,1.0,,0.010936498641967773,0.948,0.9465372541482477,0.9476979030882376,0.9516728624535316,0.9844961240310077,0.9883484021438507,full_v4_features,88,88,0,,ksf-v4-idsplit::
classical_ext,svc,12,matern15_med_x3__svc__d12,matern15_med_x3,id_test,fixed_c1,1.0,,0.010936498641967773,0.952,0.9509257479659171,0.9518025833815307,0.9548872180451128,0.989813569094753,0.988513155276431,full_v4_features,88,88,0,,ksf-v4-idsplit::
classical_ext,svc,12,matern15_med_x3__svc__d12,matern15_med_x3,ood_test,fixed_c1,1.0,,0.010936498641967773,0.654,0.6540984655754492,0.6538324549081755,0.6614481409001957,0.7849725595609529,0.8477886322959636,full_v4_features,88,88,0,,ksf-v4-idsplit::
classical_ext,svc,12,matern15_med_x10__svc__d12,matern15_med_x10,id_val,fixed_c1,1.0,,0.006728649139404297,0.936,0.9341405599333718,0.935500515995872,0.9411764705882353,0.9866102889358703,0.9887108771086973,full_v4_features,88,88,0,,ksf-v4-idsplit::
classical_ext,svc,12,matern15_med_x10__svc__d12,matern15_med_x10,id_test,fixed_c1,1.0,,0.006728649139404297,0.948,0.9467935165609584,0.947758435003456,0.951310861423221,0.9905182907297072,0.9904039665983543,full_v4_features,88,88,0,,ksf-v4-idsplit::
classical_ext,svc,12,matern15_med_x10__svc__d12,matern15_med_x10,ood_test,fixed_c1,1.0,,0.006728649139404297,0.646,0.6461303380854093,0.6456811130017015,0.6563106796116505,0.7616441863069809,0.8285338667313719,full_v4_features,88,88,0,,ksf-v4-idsplit::
classical_ext,svc,12,matern25_med_x0.1__svc__d12,matern25_med_x0.1,id_val,fixed_c1,1.0,,0.006418943405151367,0.996,0.9961240310077519,0.995996861539447,0.9961089494163424,1.0,1.0,full_v4_features,88,88,0,,ksf-v4-idsplit::
classical_ext,svc,12,matern25_med_x0.1__svc__d12,matern25_med_x0.1,id_test,fixed_c1,1.0,,0.006418943405151367,0.984,0.9839835992055865,0.9839835992055865,0.9844961240310077,0.9917355371900827,0.982634468279675,full_v4_features,88,88,0,,ksf-v4-idsplit::
classical_ext,svc,12,matern25_med_x0.1__svc__d12,matern25_med_x0.1,ood_test,fixed_c1,1.0,,0.006418943405151367,0.956,0.9558552936846989,0.9559294871794872,0.9541666666666667,0.9862237795804732,0.9719240549869045,full_v4_features,88,88,0,,ksf-v4-idsplit::
classical_ext,svc,12,matern25_med_x0.3__svc__d12,matern25_med_x0.3,id_val,fixed_c1,1.0,,0.006514787673950195,0.924,0.9230251777820488,0.9237254114813328,0.9283018867924528,0.9948747517457877,0.995567124182637,full_v4_features,88,88,0,,ksf-v4-idsplit::
classical_ext,svc,12,matern25_med_x0.3__svc__d12,matern25_med_x0.3,id_test,fixed_c1,1.0,,0.006514787673950195,0.944,0.943173809981421,0.9438238315356959,0.946969696969697,0.9891088474597988,0.9714872440160303,full_v4_features,88,88,0,,ksf-v4-idsplit::
classical_ext,svc,12,matern25_med_x0.3__svc__d12,matern25_med_x0.3,ood_test,fixed_c1,1.0,,0.006514787673950195,0.936,0.9357749723995583,0.9357687675632276,0.9319148936170213,0.9861277780444486,0.9742479247799997,full_v4_features,88,88,0,,ksf-v4-idsplit::
classical_ext,svc,12,matern25_med_x3__svc__d12,matern25_med_x3,id_val,fixed_c1,1.0,,0.00400090217590332,0.948,0.9465372541482477,0.9476979030882376,0.9516728624535316,0.986289960919982,0.988968241428379,full_v4_features,88,88,0,,ksf-v4-idsplit::
classical_ext,svc,12,matern25_med_x3__svc__d12,matern25_med_x3,id_test,fixed_c1,1.0,,0.00400090217590332,0.952,0.9509257479659171,0.9518025833815307,0.9548872180451128,0.9898776346979307,0.9888268426985027,full_v4_features,88,88,0,,ksf-v4-idsplit::
classical_ext,svc,12,matern25_med_x3__svc__d12,matern25_med_x3,ood_test,fixed_c1,1.0,,0.00400090217590332,0.65,0.6501144018304292,0.6497632399502062,0.6588693957115009,0.7774524392390278,0.8403147751506164,full_v4_features,88,88,0,,ksf-v4-idsplit::
classical_ext,svc,12,matern25_med_x10__svc__d12,matern25_med_x10,id_val,fixed_c1,1.0,,0.009183168411254883,0.816,0.8101736177846115,0.8076794434410328,0.847682119205298,0.9871228137612915,0.9889634980509735,full_v4_features,88,88,0,,ksf-v4-idsplit::
classical_ext,svc,12,matern25_med_x10__svc__d12,matern25_med_x10,id_test,fixed_c1,1.0,,0.009183168411254883,0.804,0.7975206611570248,0.7932524345580665,0.8403908794788274,0.9916074059837273,0.9917269597385518,full_v4_features,88,88,0,,ksf-v4-idsplit::
classical_ext,svc,12,matern25_med_x10__svc__d12,matern25_med_x10,ood_test,fixed_c1,1.0,,0.009183168411254883,0.64,0.6401542424678794,0.6395328345535815,0.6525096525096525,0.763660218563497,0.8319462229138055,full_v4_features,88,88,0,,ksf-v4-idsplit::
quantum,svc,12,zz_r1_full__as0.5__svc__d12,zz_r1_full__as0.5,id_val,fixed_c1,1.0,,0.006000041961669922,0.996,0.9961240310077519,0.995996861539447,0.9961089494163424,1.0,1.0,full_v4_features,88,88,0,,ksf-v4-idsplit::
quantum,svc,12,zz_r1_full__as0.5__svc__d12,zz_r1_full__as0.5,id_test,fixed_c1,1.0,,0.006000041961669922,0.992,0.9917355371900827,0.9919871794871795,0.9923076923076923,0.9992952783650458,0.9993369868339366,full_v4_features,88,88,0,,ksf-v4-idsplit::
quantum,svc,12,zz_r1_full__as0.5__svc__d12,zz_r1_full__as0.5,ood_test,fixed_c1,1.0,,0.006000041961669922,0.96,0.9598873581977312,0.9599589980139663,0.9586776859504132,0.9741435862973806,0.9838330850393742,full_v4_features,88,88,0,,ksf-v4-idsplit::
quantum,svc,12,zz_r2_full__as0.5__svc__d12,zz_r2_full__as0.5,id_val,fixed_c1,1.0,,0.01022481918334961,0.996,0.9961240310077519,0.995996861539447,0.9961089494163424,1.0,1.0,full_v4_features,88,88,0,,ksf-v4-idsplit::
quantum,svc,12,zz_r2_full__as0.5__svc__d12,zz_r2_full__as0.5,id_test,fixed_c1,1.0,,0.01022481918334961,0.992,0.9917355371900827,0.9919871794871795,0.9923076923076923,0.9993593439682235,0.9993975412801347,full_v4_features,88,88,0,,ksf-v4-idsplit::
quantum,svc,12,zz_r2_full__as0.5__svc__d12,zz_r2_full__as0.5,ood_test,fixed_c1,1.0,,0.01022481918334961,0.946,0.9458311332981328,0.9458854937046791,0.9433962264150944,0.9674554792876685,0.9801477590748894,full_v4_features,88,88,0,,ksf-v4-idsplit::
quantum,svc,12,pauli_xz_r1_full__as0.5__svc__d12,pauli_xz_r1_full__as0.5,id_val,fixed_c1,1.0,,0.005002498626708984,0.924,0.9230251777820488,0.9237254114813328,0.9283018867924528,0.9873150105708245,0.9919336185840152,full_v4_features,88,88,0,,ksf-v4-idsplit::
quantum,svc,12,pauli_xz_r1_full__as0.5__svc__d12,pauli_xz_r1_full__as0.5,id_test,fixed_c1,1.0,,0.005002498626708984,0.944,0.943173809981421,0.9438238315356959,0.946969696969697,0.9891088474597988,0.976959300180619,full_v4_features,88,88,0,,ksf-v4-idsplit::
quantum,svc,12,pauli_xz_r1_full__as0.5__svc__d12,pauli_xz_r1_full__as0.5,ood_test,fixed_c1,1.0,,0.005002498626708984,0.912,0.9117105873693979,0.9114887590724021,0.9047619047619048,0.9784636554184867,0.9782225956199881,full_v4_features,88,88,0,,ksf-v4-idsplit::
quantum,svc,12,zmap_r2__as0.5__svc__d12,zmap_r2__as0.5,id_val,fixed_c1,1.0,,0.004586219787597656,0.924,0.9230251777820488,0.9237254114813328,0.9283018867924528,0.9905823563328848,0.9933620162310836,full_v4_features,88,88,0,,ksf-v4-idsplit::
quantum,svc,12,zmap_r2__as0.5__svc__d12,zmap_r2__as0.5,id_test,fixed_c1,1.0,,0.004586219787597656,0.944,0.943173809981421,0.9438238315356959,0.946969696969697,0.9893651098725095,0.9772173530134043,full_v4_features,88,88,0,,ksf-v4-idsplit::
quantum,svc,12,zmap_r2__as0.5__svc__d12,zmap_r2__as0.5,ood_test,fixed_c1,1.0,,0.004586219787597656,0.916,0.9156946511144178,0.9154589371980677,0.908695652173913,0.9824957199315189,0.9794603653232165,full_v4_features,88,88,0,,ksf-v4-idsplit::
quantum,svc,12,zz_r1_full__svc__d12,zz_r1_full,id_val,fixed_c1,1.0,,0.008000850677490234,0.996,0.9961240310077519,0.995996861539447,0.9961089494163424,1.0,1.0,full_v4_features,88,88,0,,ksf-v4-idsplit::
quantum,svc,12,zz_r1_full__svc__d12,zz_r1_full,id_test,fixed_c1,1.0,,0.008000850677490234,0.992,0.9917355371900827,0.9919871794871795,0.9923076923076923,0.9994874751745788,0.9995196419332507,full_v4_features,88,88,0,,ksf-v4-idsplit::
quantum,svc,12,zz_r1_full__svc__d12,zz_r1_full,ood_test,fixed_c1,1.0,,0.008000850677490234,0.956,0.955871293940703,0.9559429020009933,0.9543568464730291,0.9838557416918671,0.9881958238044729,full_v4_features,88,88,0,,ksf-v4-idsplit::
quantum,svc,12,zz_r2_full__svc__d12,zz_r2_full,id_val,fixed_c1,1.0,,0.009168148040771484,0.992,0.9917355371900827,0.9919871794871795,0.9923076923076923,1.0,1.0,full_v4_features,88,88,0,,ksf-v4-idsplit::
quantum,svc,12,zz_r2_full__svc__d12,zz_r2_full,id_test,fixed_c1,1.0,,0.009168148040771484,0.988,0.9876033057851239,0.9879767229356033,0.9885057471264368,0.9993593439682235,0.9993975412801347,full_v4_features,88,88,0,,ksf-v4-idsplit::
quantum,svc,12,zz_r2_full__svc__d12,zz_r2_full,ood_test,fixed_c1,1.0,,0.009168148040771484,0.938,0.9380390086241379,0.9379977679196452,0.9383697813121272,0.9802236835789372,0.9862074744811516,full_v4_features,88,88,0,,ksf-v4-idsplit::
quantum,svc,12,pauli_xz_r1_full__svc__d12,pauli_xz_r1_full,id_val,fixed_c1,1.0,,0.00500035285949707,0.924,0.9230251777820488,0.9237254114813328,0.9283018867924528,0.9865462233326926,0.9910786384199292,full_v4_features,88,88,0,,ksf-v4-idsplit::
quantum,svc,12,pauli_xz_r1_full__svc__d12,pauli_xz_r1_full,id_test,fixed_c1,1.0,,0.00500035285949707,0.94,0.9390415785764623,0.9397832195905259,0.9433962264150944,0.9884041258248446,0.9626978101938715,full_v4_features,88,88,0,,ksf-v4-idsplit::
quantum,svc,12,pauli_xz_r1_full__svc__d12,pauli_xz_r1_full,ood_test,fixed_c1,1.0,,0.00500035285949707,0.948,0.9478231651706428,0.9478799153249086,0.9453781512605042,0.9876158018528296,0.9774828237129389,full_v4_features,88,88,0,,ksf-v4-idsplit::
quantum,svc,12,zmap_r2__svc__d12,zmap_r2,id_val,fixed_c1,1.0,,0.004999399185180664,0.976,0.9767441860465116,0.9759984639016897,0.9761904761904762,0.99481068614261,0.9955162556845314,full_v4_features,88,88,0,,ksf-v4-idsplit::
quantum,svc,12,zmap_r2__svc__d12,zmap_r2,id_test,fixed_c1,1.0,,0.004999399185180664,0.976,0.9762316612210904,0.9759861680327868,0.9765625,0.9889166506502659,0.9630895207327151,full_v4_features,88,88,0,,ksf-v4-idsplit::
quantum,svc,12,zmap_r2__svc__d12,zmap_r2,ood_test,fixed_c1,1.0,,0.004999399185180664,0.95,0.9498311972991568,0.9498939756524807,0.9475890985324947,0.9868317893086289,0.9729617448604309,full_v4_features,88,88,0,,ksf-v4-idsplit::
quantum,svc,12,zz_r1_full__as2__svc__d12,zz_r1_full__as2,id_val,fixed_c1,1.0,,0.009439945220947266,0.996,0.9961240310077519,0.995996861539447,0.9961089494163424,1.0,1.0,full_v4_features,88,88,0,,ksf-v4-idsplit::
quantum,svc,12,zz_r1_full__as2__svc__d12,zz_r1_full__as2,id_test,fixed_c1,1.0,,0.009439945220947266,0.992,0.9917355371900827,0.9919871794871795,0.9923076923076923,0.9992312127618682,0.9992720017651746,full_v4_features,88,88,0,,ksf-v4-idsplit::
quantum,svc,12,zz_r1_full__as2__svc__d12,zz_r1_full__as2,ood_test,fixed_c1,1.0,,0.009439945220947266,0.964,0.9639514232227715,0.9639907816400999,0.9634146341463414,0.981695707131314,0.9874479957690139,full_v4_features,88,88,0,,ksf-v4-idsplit::
quantum,svc,12,zz_r2_full__as2__svc__d12,zz_r2_full__as2,id_val,fixed_c1,1.0,,0.011249780654907227,0.992,0.9917355371900827,0.9919871794871795,0.9923076923076923,0.9998718687936448,0.9998802771652961,full_v4_features,88,88,0,,ksf-v4-idsplit::
quantum,svc,12,zz_r2_full__as2__svc__d12,zz_r2_full__as2,id_test,fixed_c1,1.0,,0.011249780654907227,0.984,0.9834710743801653,0.9839630508692025,0.9847328244274809,0.9991671471586905,0.9992084612898919,full_v4_features,88,88,0,,ksf-v4-idsplit::
quantum,svc,12,zz_r2_full__as2__svc__d12,zz_r2_full__as2,ood_test,fixed_c1,1.0,,0.011249780654907227,0.938,0.9380710091361462,0.9379878456177411,0.9388560157790927,0.9778876462023391,0.9846191342924752,full_v4_features,88,88,0,,ksf-v4-idsplit::
quantum,svc,12,pauli_xz_r1_full__as2__svc__d12,pauli_xz_r1_full__as2,id_val,fixed_c1,1.0,,0.004731416702270508,0.984,0.9844961240310077,0.9839959029511556,0.984251968503937,0.9999359343968224,0.9999403697078115,full_v4_features,88,88,0,,ksf-v4-idsplit::
quantum,svc,12,pauli_xz_r1_full__as2__svc__d12,pauli_xz_r1_full__as2,id_test,fixed_c1,1.0,,0.004731416702270508,0.98,0.9801076302133385,0.9799843076972345,0.980544747081712,0.9897495034915753,0.9716556005452555,full_v4_features,88,88,0,,ksf-v4-idsplit::
quantum,svc,12,pauli_xz_r1_full__as2__svc__d12,pauli_xz_r1_full__as2,ood_test,fixed_c1,1.0,,0.004731416702270508,0.95,0.9498311972991568,0.9498939756524807,0.9475890985324947,0.9877438039008624,0.9727532215919955,full_v4_features,88,88,0,,ksf-v4-idsplit::
quantum,svc,12,zmap_r2__as2__svc__d12,zmap_r2__as2,id_val,fixed_c1,1.0,,0.00551605224609375,0.996,0.9961240310077519,0.995996861539447,0.9961089494163424,0.9999359343968223,0.9999403697078115,full_v4_features,88,88,0,,ksf-v4-idsplit::
quantum,svc,12,zmap_r2__as2__svc__d12,zmap_r2__as2,id_test,fixed_c1,1.0,,0.00551605224609375,0.984,0.9839835992055865,0.9839835992055865,0.9844961240310077,0.9916714715869049,0.9825698455429717,full_v4_features,88,88,0,,ksf-v4-idsplit::
quantum,svc,12,zmap_r2__as2__svc__d12,zmap_r2__as2,ood_test,fixed_c1,1.0,,0.00551605224609375,0.96,0.9598873581977312,0.9599589980139663,0.9586776859504132,0.9878238051808829,0.9834632496074696,full_v4_features,88,88,0,,ksf-v4-idsplit::
